   6.0000000e+02	   1.4201814e-01	   1.4201814e-01	   1.4201814e-01	   1.4871137e-01	   1.4871137e-01	   1.4201814e-01	
   6.0100000e+02	   1.4195677e-01	   1.4195677e-01	   1.4195677e-01	   1.4864604e-01	   1.4864604e-01	   1.4195677e-01	
   6.0200000e+02	   1.4174536e-01	   1.4174536e-01	   1.4174536e-01	   1.4842823e-01	   1.4842823e-01	   1.4174536e-01	
   6.0300000e+02	   1.4150362e-01	   1.4150362e-01	   1.4150362e-01	   1.4817905e-01	   1.4817905e-01	   1.4150362e-01	
   6.0400000e+02	   1.4143159e-01	   1.4143159e-01	   1.4143159e-01	   1.4810581e-01	   1.4810581e-01	   1.4143159e-01	
   6.0500000e+02	   1.4107554e-01	   1.4107554e-01	   1.4107554e-01	   1.4774143e-01	   1.4774143e-01	   1.4107554e-01	
   6.0600000e+02	   1.4070900e-01	   1.4070900e-01	   1.4070900e-01	   1.4736769e-01	   1.4736769e-01	   1.4070900e-01	
   6.0700000e+02	   1.4054323e-01	   1.4054323e-01	   1.4054323e-01	   1.4719539e-01	   1.4719539e-01	   1.4054323e-01	
   6.0800000e+02	   1.4031835e-01	   1.4031835e-01	   1.4031835e-01	   1.4696618e-01	   1.4696618e-01	   1.4031835e-01	
   6.0900000e+02	   1.4010302e-01	   1.4010302e-01	   1.4010302e-01	   1.4674579e-01	   1.4674579e-01	   1.4010302e-01	
   6.1000000e+02	   1.4009424e-01	   1.4009424e-01	   1.4009424e-01	   1.4673387e-01	   1.4673387e-01	   1.4009424e-01	
   6.1100000e+02	   1.4012123e-01	   1.4012123e-01	   1.4012123e-01	   1.4676003e-01	   1.4676003e-01	   1.4012123e-01	
   6.1200000e+02	   1.3990714e-01	   1.3990714e-01	   1.3990714e-01	   1.4654036e-01	   1.4654036e-01	   1.3990714e-01	
   6.1300000e+02	   1.3983676e-01	   1.3983676e-01	   1.3983676e-01	   1.4646644e-01	   1.4646644e-01	   1.3983676e-01	
   6.1400000e+02	   1.3966534e-01	   1.3966534e-01	   1.3966534e-01	   1.4628878e-01	   1.4628878e-01	   1.3966534e-01	
   6.1500000e+02	   1.3955897e-01	   1.3955897e-01	   1.3955897e-01	   1.4617729e-01	   1.4617729e-01	   1.3955897e-01	
   6.1600000e+02	   1.3938024e-01	   1.3938024e-01	   1.3938024e-01	   1.4598817e-01	   1.4598817e-01	   1.3938024e-01	
   6.1700000e+02	   1.3936141e-01	   1.3936141e-01	   1.3936141e-01	   1.4596528e-01	   1.4596528e-01	   1.3936141e-01	
   6.1800000e+02	   1.3925192e-01	   1.3925192e-01	   1.3925192e-01	   1.4585224e-01	   1.4585224e-01	   1.3925192e-01	
   6.1900000e+02	   1.3935355e-01	   1.3935355e-01	   1.3935355e-01	   1.4595092e-01	   1.4595092e-01	   1.3935355e-01	
   6.2000000e+02	   1.3928469e-01	   1.3928469e-01	   1.3928469e-01	   1.4587790e-01	   1.4587790e-01	   1.3928469e-01	
   6.2100000e+02	   1.3924606e-01	   1.3924606e-01	   1.3924606e-01	   1.4583485e-01	   1.4583485e-01	   1.3924606e-01	
   6.2200000e+02	   1.3928789e-01	   1.3928789e-01	   1.3928789e-01	   1.4587470e-01	   1.4587470e-01	   1.3928789e-01	
   6.2300000e+02	   1.3935860e-01	   1.3935860e-01	   1.3935860e-01	   1.4593735e-01	   1.4593735e-01	   1.3935860e-01	
   6.2400000e+02	   1.3933140e-01	   1.3933140e-01	   1.3933140e-01	   1.4590631e-01	   1.4590631e-01	   1.3933140e-01	
   6.2500000e+02	   1.3931656e-01	   1.3931656e-01	   1.3931656e-01	   1.4588428e-01	   1.4588428e-01	   1.3931656e-01	
   6.2600000e+02	   1.3910602e-01	   1.3910602e-01	   1.3910602e-01	   1.4566829e-01	   1.4566829e-01	   1.3910602e-01	
   6.2700000e+02	   1.3898122e-01	   1.3898122e-01	   1.3898122e-01	   1.4553136e-01	   1.4553136e-01	   1.3898122e-01	
   6.2800000e+02	   1.3886174e-01	   1.3886174e-01	   1.3886174e-01	   1.4540107e-01	   1.4540107e-01	   1.3886174e-01	
   6.2900000e+02	   1.3880594e-01	   1.3880594e-01	   1.3880594e-01	   1.4533443e-01	   1.4533443e-01	   1.3880594e-01	
   6.3000000e+02	   1.3867899e-01	   1.3867899e-01	   1.3867899e-01	   1.4520005e-01	   1.4520005e-01	   1.3867899e-01	
   6.3100000e+02	   1.3893499e-01	   1.3893499e-01	   1.3893499e-01	   1.4545210e-01	   1.4545210e-01	   1.3893499e-01	
   6.3200000e+02	   1.3888452e-01	   1.3888452e-01	   1.3888452e-01	   1.4540168e-01	   1.4540168e-01	   1.3888452e-01	
   6.3300000e+02	   1.3884372e-01	   1.3884372e-01	   1.3884372e-01	   1.4536020e-01	   1.4536020e-01	   1.3884372e-01	
   6.3400000e+02	   1.3851308e-01	   1.3851308e-01	   1.3851308e-01	   1.4502708e-01	   1.4502708e-01	   1.3851308e-01	
   6.3500000e+02	   1.3836880e-01	   1.3836880e-01	   1.3836880e-01	   1.4488236e-01	   1.4488236e-01	   1.3836880e-01	
   6.3600000e+02	   1.3793209e-01	   1.3793209e-01	   1.3793209e-01	   1.4443829e-01	   1.4443829e-01	   1.3793209e-01	
   6.3700000e+02	   1.3760228e-01	   1.3760228e-01	   1.3760228e-01	   1.4410050e-01	   1.4410050e-01	   1.3760228e-01	
   6.3800000e+02	   1.3715488e-01	   1.3715488e-01	   1.3715488e-01	   1.4364552e-01	   1.4364552e-01	   1.3715488e-01	
   6.3900000e+02	   1.3690395e-01	   1.3690395e-01	   1.3690395e-01	   1.4338798e-01	   1.4338798e-01	   1.3690395e-01	
   6.4000000e+02	   1.3652358e-01	   1.3652358e-01	   1.3652358e-01	   1.4300080e-01	   1.4300080e-01	   1.3652358e-01	
   6.4100000e+02	   1.3631901e-01	   1.3631901e-01	   1.3631901e-01	   1.4279193e-01	   1.4279193e-01	   1.3631901e-01	
   6.4200000e+02	   1.3606136e-01	   1.3606136e-01	   1.3606136e-01	   1.4252839e-01	   1.4252839e-01	   1.3606136e-01	
   6.4300000e+02	   1.3593832e-01	   1.3593832e-01	   1.3593832e-01	   1.4240177e-01	   1.4240177e-01	   1.3593832e-01	
   6.4400000e+02	   1.3579231e-01	   1.3579231e-01	   1.3579231e-01	   1.4224889e-01	   1.4224889e-01	   1.3579231e-01	
   6.4500000e+02	   1.3567031e-01	   1.3567031e-01	   1.3567031e-01	   1.4211655e-01	   1.4211655e-01	   1.3567031e-01	
   6.4600000e+02	   1.3549104e-01	   1.3549104e-01	   1.3549104e-01	   1.4193886e-01	   1.4193886e-01	   1.3549104e-01	
   6.4700000e+02	   1.3530285e-01	   1.3530285e-01	   1.3530285e-01	   1.4174834e-01	   1.4174834e-01	   1.3530285e-01	
   6.4800000e+02	   1.3527599e-01	   1.3527599e-01	   1.3527599e-01	   1.4172034e-01	   1.4172034e-01	   1.3527599e-01	
   6.4900000e+02	   1.3489895e-01	   1.3489895e-01	   1.3489895e-01	   1.4134050e-01	   1.4134050e-01	   1.3489895e-01	
   6.5000000e+02	   1.3476883e-01	   1.3476883e-01	   1.3476883e-01	   1.4120969e-01	   1.4120969e-01	   1.3476883e-01	
   6.5100000e+02	   1.3469035e-01	   1.3469035e-01	   1.3469035e-01	   1.4112164e-01	   1.4112164e-01	   1.3469035e-01	
   6.5200000e+02	   1.3472357e-01	   1.3472357e-01	   1.3472357e-01	   1.4114766e-01	   1.4114766e-01	   1.3472357e-01	
   6.5300000e+02	   1.3449905e-01	   1.3449905e-01	   1.3449905e-01	   1.4091484e-01	   1.4091484e-01	   1.3449905e-01	
   6.5400000e+02	   1.3459468e-01	   1.3459468e-01	   1.3459468e-01	   1.4100332e-01	   1.4100332e-01	   1.3459468e-01	
   6.5500000e+02	   1.3446557e-01	   1.3446557e-01	   1.3446557e-01	   1.4086635e-01	   1.4086635e-01	   1.3446557e-01	
   6.5600000e+02	   1.3432379e-01	   1.3432379e-01	   1.3432379e-01	   1.4071841e-01	   1.4071841e-01	   1.3432379e-01	
   6.5700000e+02	   1.3413257e-01	   1.3413257e-01	   1.3413257e-01	   1.4052228e-01	   1.4052228e-01	   1.3413257e-01	
   6.5800000e+02	   1.3389757e-01	   1.3389757e-01	   1.3389757e-01	   1.4027962e-01	   1.4027962e-01	   1.3389757e-01	
   6.5900000e+02	   1.3377319e-01	   1.3377319e-01	   1.3377319e-01	   1.4014872e-01	   1.4014872e-01	   1.3377319e-01	
   6.6000000e+02	   1.3360819e-01	   1.3360819e-01	   1.3360819e-01	   1.3997926e-01	   1.3997926e-01	   1.3360819e-01	
   6.6100000e+02	   1.3348398e-01	   1.3348398e-01	   1.3348398e-01	   1.3984865e-01	   1.3984865e-01	   1.3348398e-01	
   6.6200000e+02	   1.3325643e-01	   1.3325643e-01	   1.3325643e-01	   1.3961086e-01	   1.3961086e-01	   1.3325643e-01	
   6.6300000e+02	   1.3323732e-01	   1.3323732e-01	   1.3323732e-01	   1.3958610e-01	   1.3958610e-01	   1.3323732e-01	
   6.6400000e+02	   1.3319236e-01	   1.3319236e-01	   1.3319236e-01	   1.3953877e-01	   1.3953877e-01	   1.3319236e-01	
   6.6500000e+02	   1.3316995e-01	   1.3316995e-01	   1.3316995e-01	   1.3951231e-01	   1.3951231e-01	   1.3316995e-01	
   6.6600000e+02	   1.3306428e-01	   1.3306428e-01	   1.3306428e-01	   1.3939829e-01	   1.3939829e-01	   1.3306428e-01	
   6.6700000e+02	   1.3306456e-01	   1.3306456e-01	   1.3306456e-01	   1.3939534e-01	   1.3939534e-01	   1.3306456e-01	
   6.6800000e+02	   1.3293107e-01	   1.3293107e-01	   1.3293107e-01	   1.3925344e-01	   1.3925344e-01	   1.3293107e-01	
   6.6900000e+02	   1.3269338e-01	   1.3269338e-01	   1.3269338e-01	   1.3901075e-01	   1.3901075e-01	   1.3269338e-01	
   6.7000000e+02	   1.3243853e-01	   1.3243853e-01	   1.3243853e-01	   1.3874402e-01	   1.3874402e-01	   1.3243853e-01	
   6.7100000e+02	   1.3240891e-01	   1.3240891e-01	   1.3240891e-01	   1.3870955e-01	   1.3870955e-01	   1.3240891e-01	
   6.7200000e+02	   1.3219961e-01	   1.3219961e-01	   1.3219961e-01	   1.3849297e-01	   1.3849297e-01	   1.3219961e-01	
   6.7300000e+02	   1.3209787e-01	   1.3209787e-01	   1.3209787e-01	   1.3839098e-01	   1.3839098e-01	   1.3209787e-01	
   6.7400000e+02	   1.3190539e-01	   1.3190539e-01	   1.3190539e-01	   1.3818852e-01	   1.3818852e-01	   1.3190539e-01	
   6.7500000e+02	   1.3177142e-01	   1.3177142e-01	   1.3177142e-01	   1.3804908e-01	   1.3804908e-01	   1.3177142e-01	
   6.7600000e+02	   1.3148982e-01	   1.3148982e-01	   1.3148982e-01	   1.3775918e-01	   1.3775918e-01	   1.3148982e-01	
   6.7700000e+02	   1.3131411e-01	   1.3131411e-01	   1.3131411e-01	   1.3757789e-01	   1.3757789e-01	   1.3131411e-01	
   6.7800000e+02	   1.3121431e-01	   1.3121431e-01	   1.3121431e-01	   1.3747102e-01	   1.3747102e-01	   1.3121431e-01	
   6.7900000e+02	   1.3109051e-01	   1.3109051e-01	   1.3109051e-01	   1.3733996e-01	   1.3733996e-01	   1.3109051e-01	
   6.8000000e+02	   1.3110274e-01	   1.3110274e-01	   1.3110274e-01	   1.3734794e-01	   1.3734794e-01	   1.3110274e-01	
   6.8100000e+02	   1.3094081e-01	   1.3094081e-01	   1.3094081e-01	   1.3718053e-01	   1.3718053e-01	   1.3094081e-01	
   6.8200000e+02	   1.3086825e-01	   1.3086825e-01	   1.3086825e-01	   1.3710137e-01	   1.3710137e-01	   1.3086825e-01	
   6.8300000e+02	   1.3068924e-01	   1.3068924e-01	   1.3068924e-01	   1.3691703e-01	   1.3691703e-01	   1.3068924e-01	
   6.8400000e+02	   1.3054847e-01	   1.3054847e-01	   1.3054847e-01	   1.3677184e-01	   1.3677184e-01	   1.3054847e-01	
   6.8500000e+02	   1.3045745e-01	   1.3045745e-01	   1.3045745e-01	   1.3668032e-01	   1.3668032e-01	   1.3045745e-01	
   6.8600000e+02	   1.3028403e-01	   1.3028403e-01	   1.3028403e-01	   1.3650435e-01	   1.3650435e-01	   1.3028403e-01	
   6.8700000e+02	   1.3011502e-01	   1.3011502e-01	   1.3011502e-01	   1.3633190e-01	   1.3633190e-01	   1.3011502e-01	
   6.8800000e+02	   1.3011604e-01	   1.3011604e-01	   1.3011604e-01	   1.3632810e-01	   1.3632810e-01	   1.3011604e-01	
   6.8900000e+02	   1.3007642e-01	   1.3007642e-01	   1.3007642e-01	   1.3627982e-01	   1.3627982e-01	   1.3007642e-01	
   6.9000000e+02	   1.2986211e-01	   1.2986211e-01	   1.2986211e-01	   1.3605478e-01	   1.3605478e-01	   1.2986211e-01	
   6.9100000e+02	   1.2983733e-01	   1.2983733e-01	   1.2983733e-01	   1.3602124e-01	   1.3602124e-01	   1.2983733e-01	
   6.9200000e+02	   1.2988064e-01	   1.2988064e-01	   1.2988064e-01	   1.3605267e-01	   1.3605267e-01	   1.2988064e-01	
   6.9300000e+02	   1.2957149e-01	   1.2957149e-01	   1.2957149e-01	   1.3573265e-01	   1.3573265e-01	   1.2957149e-01	
   6.9400000e+02	   1.2950730e-01	   1.2950730e-01	   1.2950730e-01	   1.3566634e-01	   1.3566634e-01	   1.2950730e-01	
   6.9500000e+02	   1.2958932e-01	   1.2958932e-01	   1.2958932e-01	   1.3574502e-01	   1.3574502e-01	   1.2958932e-01	
   6.9600000e+02	   1.2958693e-01	   1.2958693e-01	   1.2958693e-01	   1.3573919e-01	   1.3573919e-01	   1.2958693e-01	
   6.9700000e+02	   1.2946446e-01	   1.2946446e-01	   1.2946446e-01	   1.3561521e-01	   1.3561521e-01	   1.2946446e-01	
   6.9800000e+02	   1.2941937e-01	   1.2941937e-01	   1.2941937e-01	   1.3556683e-01	   1.3556683e-01	   1.2941937e-01	
   6.9900000e+02	   1.2925142e-01	   1.2925142e-01	   1.2925142e-01	   1.3539193e-01	   1.3539193e-01	   1.2925142e-01	
   7.0000000e+02	   1.2911632e-01	   1.2911632e-01	   1.2911632e-01	   1.3524939e-01	   1.3524939e-01	   1.2911632e-01	
   7.0100000e+02	   1.2894975e-01	   1.2894975e-01	   1.2894975e-01	   1.3507211e-01	   1.3507211e-01	   1.2894975e-01	
   7.0200000e+02	   1.2881306e-01	   1.2881306e-01	   1.2881306e-01	   1.3492273e-01	   1.3492273e-01	   1.2881306e-01	
   7.0300000e+02	   1.2882484e-01	   1.2882484e-01	   1.2882484e-01	   1.3493132e-01	   1.3493132e-01	   1.2882484e-01	
   7.0400000e+02	   1.2866141e-01	   1.2866141e-01	   1.2866141e-01	   1.3475469e-01	   1.3475469e-01	   1.2866141e-01	
   7.0500000e+02	   1.2854581e-01	   1.2854581e-01	   1.2854581e-01	   1.3463092e-01	   1.3463092e-01	   1.2854581e-01	
   7.0600000e+02	   1.2848491e-01	   1.2848491e-01	   1.2848491e-01	   1.3456589e-01	   1.3456589e-01	   1.2848491e-01	
   7.0700000e+02	   1.2836022e-01	   1.2836022e-01	   1.2836022e-01	   1.3444287e-01	   1.3444287e-01	   1.2836022e-01	
   7.0800000e+02	   1.2823881e-01	   1.2823881e-01	   1.2823881e-01	   1.3430952e-01	   1.3430952e-01	   1.2823881e-01	
   7.0900000e+02	   1.2823032e-01	   1.2823032e-01	   1.2823032e-01	   1.3430126e-01	   1.3430126e-01	   1.2823032e-01	
   7.1000000e+02	   1.2807465e-01	   1.2807465e-01	   1.2807465e-01	   1.3414226e-01	   1.3414226e-01	   1.2807465e-01	
   7.1100000e+02	   1.2793771e-01	   1.2793771e-01	   1.2793771e-01	   1.3399948e-01	   1.3399948e-01	   1.2793771e-01	
   7.1200000e+02	   1.2786460e-01	   1.2786460e-01	   1.2786460e-01	   1.3391971e-01	   1.3391971e-01	   1.2786460e-01	
   7.1300000e+02	   1.2770322e-01	   1.2770322e-01	   1.2770322e-01	   1.3375614e-01	   1.3375614e-01	   1.2770322e-01	
   7.1400000e+02	   1.2757212e-01	   1.2757212e-01	   1.2757212e-01	   1.3361890e-01	   1.3361890e-01	   1.2757212e-01	
   7.1500000e+02	   1.2747300e-01	   1.2747300e-01	   1.2747300e-01	   1.3351168e-01	   1.3351168e-01	   1.2747300e-01	
   7.1600000e+02	   1.2727040e-01	   1.2727040e-01	   1.2727040e-01	   1.3330322e-01	   1.3330322e-01	   1.2727040e-01	
   7.1700000e+02	   1.2708223e-01	   1.2708223e-01	   1.2708223e-01	   1.3310917e-01	   1.3310917e-01	   1.2708223e-01	
   7.1800000e+02	   1.2678496e-01	   1.2678496e-01	   1.2678496e-01	   1.3280417e-01	   1.3280417e-01	   1.2678496e-01	
   7.1900000e+02	   1.2676816e-01	   1.2676816e-01	   1.2676816e-01	   1.3278449e-01	   1.3278449e-01	   1.2676816e-01	
   7.2000000e+02	   1.2670155e-01	   1.2670155e-01	   1.2670155e-01	   1.3271307e-01	   1.3271307e-01	   1.2670155e-01	
   7.2100000e+02	   1.2669637e-01	   1.2669637e-01	   1.2669637e-01	   1.3270221e-01	   1.3270221e-01	   1.2669637e-01	
   7.2200000e+02	   1.2669721e-01	   1.2669721e-01	   1.2669721e-01	   1.3269637e-01	   1.3269637e-01	   1.2669721e-01	
   7.2300000e+02	   1.2683177e-01	   1.2683177e-01	   1.2683177e-01	   1.3282477e-01	   1.3282477e-01	   1.2683177e-01	
   7.2400000e+02	   1.2679002e-01	   1.2679002e-01	   1.2679002e-01	   1.3277357e-01	   1.3277357e-01	   1.2679002e-01	
   7.2500000e+02	   1.2686866e-01	   1.2686866e-01	   1.2686866e-01	   1.3284753e-01	   1.3284753e-01	   1.2686866e-01	
   7.2600000e+02	   1.2693681e-01	   1.2693681e-01	   1.2693681e-01	   1.3290872e-01	   1.3290872e-01	   1.2693681e-01	
   7.2700000e+02	   1.2705598e-01	   1.2705598e-01	   1.2705598e-01	   1.3302227e-01	   1.3302227e-01	   1.2705598e-01	
   7.2800000e+02	   1.2737988e-01	   1.2737988e-01	   1.2737988e-01	   1.3333977e-01	   1.3333977e-01	   1.2737988e-01	
   7.2900000e+02	   1.2765197e-01	   1.2765197e-01	   1.2765197e-01	   1.3360940e-01	   1.3360940e-01	   1.2765197e-01	
   7.3000000e+02	   1.2799660e-01	   1.2799660e-01	   1.2799660e-01	   1.3394657e-01	   1.3394657e-01	   1.2799660e-01	
   7.3100000e+02	   1.2845703e-01	   1.2845703e-01	   1.2845703e-01	   1.3439931e-01	   1.3439931e-01	   1.2845703e-01	
   7.3200000e+02	   1.2905503e-01	   1.2905503e-01	   1.2905503e-01	   1.3498877e-01	   1.3498877e-01	   1.2905503e-01	
   7.3300000e+02	   1.2953757e-01	   1.2953757e-01	   1.2953757e-01	   1.3546488e-01	   1.3546488e-01	   1.2953757e-01	
   7.3400000e+02	   1.3027038e-01	   1.3027038e-01	   1.3027038e-01	   1.3619293e-01	   1.3619293e-01	   1.3027038e-01	
   7.3500000e+02	   1.3095847e-01	   1.3095847e-01	   1.3095847e-01	   1.3687515e-01	   1.3687515e-01	   1.3095847e-01	
   7.3600000e+02	   1.3179744e-01	   1.3179744e-01	   1.3179744e-01	   1.3771012e-01	   1.3771012e-01	   1.3179744e-01	
   7.3700000e+02	   1.3278595e-01	   1.3278595e-01	   1.3278595e-01	   1.3869439e-01	   1.3869439e-01	   1.3278595e-01	
   7.3800000e+02	   1.3392746e-01	   1.3392746e-01	   1.3392746e-01	   1.3983531e-01	   1.3983531e-01	   1.3392746e-01	
   7.3900000e+02	   1.3475479e-01	   1.3475479e-01	   1.3475479e-01	   1.4065281e-01	   1.4065281e-01	   1.3475479e-01	
   7.4000000e+02	   1.3549915e-01	   1.3549915e-01	   1.3549915e-01	   1.4139072e-01	   1.4139072e-01	   1.3549915e-01	
   7.4100000e+02	   1.3604253e-01	   1.3604253e-01	   1.3604253e-01	   1.4192779e-01	   1.4192779e-01	   1.3604253e-01	
   7.4200000e+02	   1.3658036e-01	   1.3658036e-01	   1.3658036e-01	   1.4246316e-01	   1.4246316e-01	   1.3658036e-01	
   7.4300000e+02	   1.3657521e-01	   1.3657521e-01	   1.3657521e-01	   1.4245755e-01	   1.4245755e-01	   1.3657521e-01	
   7.4400000e+02	   1.3559862e-01	   1.3559862e-01	   1.3559862e-01	   1.4146786e-01	   1.4146786e-01	   1.3559862e-01	
   7.4500000e+02	   1.3391641e-01	   1.3391641e-01	   1.3391641e-01	   1.3977997e-01	   1.3977997e-01	   1.3391641e-01	
   7.4600000e+02	   1.3169040e-01	   1.3169040e-01	   1.3169040e-01	   1.3754614e-01	   1.3754614e-01	   1.3169040e-01	
   7.4700000e+02	   1.2910329e-01	   1.2910329e-01	   1.2910329e-01	   1.3494860e-01	   1.3494860e-01	   1.2910329e-01	
   7.4800000e+02	   1.2676116e-01	   1.2676116e-01	   1.2676116e-01	   1.3259698e-01	   1.3259698e-01	   1.2676116e-01	
   7.4900000e+02	   1.2522216e-01	   1.2522216e-01	   1.2522216e-01	   1.3106094e-01	   1.3106094e-01	   1.2522216e-01	
   7.5000000e+02	   1.2422366e-01	   1.2422366e-01	   1.2422366e-01	   1.3005699e-01	   1.3005699e-01	   1.2422366e-01	
   7.5100000e+02	   1.2376592e-01	   1.2376592e-01	   1.2376592e-01	   1.2959916e-01	   1.2959916e-01	   1.2376592e-01	
   7.5200000e+02	   1.2331105e-01	   1.2331105e-01	   1.2331105e-01	   1.2914185e-01	   1.2914185e-01	   1.2331105e-01	
   7.5300000e+02	   1.2269017e-01	   1.2269017e-01	   1.2269017e-01	   1.2850977e-01	   1.2850977e-01	   1.2269017e-01	
   7.5400000e+02	   1.2234155e-01	   1.2234155e-01	   1.2234155e-01	   1.2815448e-01	   1.2815448e-01	   1.2234155e-01	
   7.5500000e+02	   1.2213625e-01	   1.2213625e-01	   1.2213625e-01	   1.2794793e-01	   1.2794793e-01	   1.2213625e-01	
   7.5600000e+02	   1.2192952e-01	   1.2192952e-01	   1.2192952e-01	   1.2773539e-01	   1.2773539e-01	   1.2192952e-01	
   7.5700000e+02	   1.2148184e-01	   1.2148184e-01	   1.2148184e-01	   1.2728104e-01	   1.2728104e-01	   1.2148184e-01	
   7.5800000e+02	   1.2146356e-01	   1.2146356e-01	   1.2146356e-01	   1.2726166e-01	   1.2726166e-01	   1.2146356e-01	
   7.5900000e+02	   1.2149746e-01	   1.2149746e-01	   1.2149746e-01	   1.2729141e-01	   1.2729141e-01	   1.2149746e-01	
   7.6000000e+02	   1.2135922e-01	   1.2135922e-01	   1.2135922e-01	   1.2714599e-01	   1.2714599e-01	   1.2135922e-01	
   7.6100000e+02	   1.2126356e-01	   1.2126356e-01	   1.2126356e-01	   1.2704461e-01	   1.2704461e-01	   1.2126356e-01	
   7.6200000e+02	   1.2127539e-01	   1.2127539e-01	   1.2127539e-01	   1.2705150e-01	   1.2705150e-01	   1.2127539e-01	
   7.6300000e+02	   1.2115827e-01	   1.2115827e-01	   1.2115827e-01	   1.2692706e-01	   1.2692706e-01	   1.2115827e-01	
   7.6400000e+02	   1.2079701e-01	   1.2079701e-01	   1.2079701e-01	   1.2655517e-01	   1.2655517e-01	   1.2079701e-01	
   7.6500000e+02	   1.2074041e-01	   1.2074041e-01	   1.2074041e-01	   1.2649247e-01	   1.2649247e-01	   1.2074041e-01	
   7.6600000e+02	   1.2049358e-01	   1.2049358e-01	   1.2049358e-01	   1.2623611e-01	   1.2623611e-01	   1.2049358e-01	
   7.6700000e+02	   1.2049829e-01	   1.2049829e-01	   1.2049829e-01	   1.2623431e-01	   1.2623431e-01	   1.2049829e-01	
   7.6800000e+02	   1.2014466e-01	   1.2014466e-01	   1.2014466e-01	   1.2587064e-01	   1.2587064e-01	   1.2014466e-01	
   7.6900000e+02	   1.2037251e-01	   1.2037251e-01	   1.2037251e-01	   1.2610105e-01	   1.2610105e-01	   1.2037251e-01	
   7.7000000e+02	   1.2010926e-01	   1.2010926e-01	   1.2010926e-01	   1.2583156e-01	   1.2583156e-01	   1.2010926e-01	
   7.7100000e+02	   1.1998817e-01	   1.1998817e-01	   1.1998817e-01	   1.2570405e-01	   1.2570405e-01	   1.1998817e-01	
   7.7200000e+02	   1.1977524e-01	   1.1977524e-01	   1.1977524e-01	   1.2548394e-01	   1.2548394e-01	   1.1977524e-01	
   7.7300000e+02	   1.1986601e-01	   1.1986601e-01	   1.1986601e-01	   1.2557792e-01	   1.2557792e-01	   1.1986601e-01	
   7.7400000e+02	   1.1963125e-01	   1.1963125e-01	   1.1963125e-01	   1.2534030e-01	   1.2534030e-01	   1.1963125e-01	
   7.7500000e+02	   1.1972194e-01	   1.1972194e-01	   1.1972194e-01	   1.2542803e-01	   1.2542803e-01	   1.1972194e-01	
   7.7600000e+02	   1.1947595e-01	   1.1947595e-01	   1.1947595e-01	   1.2517578e-01	   1.2517578e-01	   1.1947595e-01	
   7.7700000e+02	   1.1943150e-01	   1.1943150e-01	   1.1943150e-01	   1.2512458e-01	   1.2512458e-01	   1.1943150e-01	
   7.7800000e+02	   1.1942682e-01	   1.1942682e-01	   1.1942682e-01	   1.2510658e-01	   1.2510658e-01	   1.1942682e-01	
   7.7900000e+02	   1.1906840e-01	   1.1906840e-01	   1.1906840e-01	   1.2473179e-01	   1.2473179e-01	   1.1906840e-01	
   7.8000000e+02	   1.1887040e-01	   1.1887040e-01	   1.1887040e-01	   1.2452314e-01	   1.2452314e-01	   1.1887040e-01	
   7.8100000e+02	   1.1915566e-01	   1.1915566e-01	   1.1915566e-01	   1.2481109e-01	   1.2481109e-01	   1.1915566e-01	
   7.8200000e+02	   1.1913656e-01	   1.1913656e-01	   1.1913656e-01	   1.2478778e-01	   1.2478778e-01	   1.1913656e-01	
   7.8300000e+02	   1.1920701e-01	   1.1920701e-01	   1.1920701e-01	   1.2485644e-01	   1.2485644e-01	   1.1920701e-01	
   7.8400000e+02	   1.1934671e-01	   1.1934671e-01	   1.1934671e-01	   1.2499404e-01	   1.2499404e-01	   1.1934671e-01	
   7.8500000e+02	   1.1927481e-01	   1.1927481e-01	   1.1927481e-01	   1.2492183e-01	   1.2492183e-01	   1.1927481e-01	
   7.8600000e+02	   1.1912139e-01	   1.1912139e-01	   1.1912139e-01	   1.2475915e-01	   1.2475915e-01	   1.1912139e-01	
   7.8700000e+02	   1.1880494e-01	   1.1880494e-01	   1.1880494e-01	   1.2443439e-01	   1.2443439e-01	   1.1880494e-01	
   7.8800000e+02	   1.1857203e-01	   1.1857203e-01	   1.1857203e-01	   1.2419601e-01	   1.2419601e-01	   1.1857203e-01	
   7.8900000e+02	   1.1845890e-01	   1.1845890e-01	   1.1845890e-01	   1.2407593e-01	   1.2407593e-01	   1.1845890e-01	
   7.9000000e+02	   1.1868644e-01	   1.1868644e-01	   1.1868644e-01	   1.2430571e-01	   1.2430571e-01	   1.1868644e-01	
   7.9100000e+02	   1.1845335e-01	   1.1845335e-01	   1.1845335e-01	   1.2406390e-01	   1.2406390e-01	   1.1845335e-01	
   7.9200000e+02	   1.1857773e-01	   1.1857773e-01	   1.1857773e-01	   1.2418264e-01	   1.2418264e-01	   1.1857773e-01	
   7.9300000e+02	   1.1846924e-01	   1.1846924e-01	   1.1846924e-01	   1.2406750e-01	   1.2406750e-01	   1.1846924e-01	
   7.9400000e+02	   1.1833266e-01	   1.1833266e-01	   1.1833266e-01	   1.2392843e-01	   1.2392843e-01	   1.1833266e-01	
   7.9500000e+02	   1.1782387e-01	   1.1782387e-01	   1.1782387e-01	   1.2340120e-01	   1.2340120e-01	   1.1782387e-01	
   7.9600000e+02	   1.1767646e-01	   1.1767646e-01	   1.1767646e-01	   1.2325217e-01	   1.2325217e-01	   1.1767646e-01	
   7.9700000e+02	   1.1788574e-01	   1.1788574e-01	   1.1788574e-01	   1.2346740e-01	   1.2346740e-01	   1.1788574e-01	
   7.9800000e+02	   1.1784636e-01	   1.1784636e-01	   1.1784636e-01	   1.2341925e-01	   1.2341925e-01	   1.1784636e-01	
   7.9900000e+02	   1.1799291e-01	   1.1799291e-01	   1.1799291e-01	   1.2355744e-01	   1.2355744e-01	   1.1799291e-01	
   8.0000000e+02	   1.1804453e-01	   1.1804453e-01	   1.1804453e-01	   1.2359792e-01	   1.2359792e-01	   1.1804453e-01	
   8.0100000e+02	   1.1850513e-01	   1.1850513e-01	   1.1850513e-01	   1.2405504e-01	   1.2405504e-01	   1.1850513e-01	
   8.0200000e+02	   1.1853892e-01	   1.1853892e-01	   1.1853892e-01	   1.2408576e-01	   1.2408576e-01	   1.1853892e-01	
   8.0300000e+02	   1.1895610e-01	   1.1895610e-01	   1.1895610e-01	   1.2450637e-01	   1.2450637e-01	   1.1895610e-01	
   8.0400000e+02	   1.1920421e-01	   1.1920421e-01	   1.1920421e-01	   1.2475524e-01	   1.2475524e-01	   1.1920421e-01	
   8.0500000e+02	   1.1958693e-01	   1.1958693e-01	   1.1958693e-01	   1.2513703e-01	   1.2513703e-01	   1.1958693e-01	
   8.0600000e+02	   1.1924370e-01	   1.1924370e-01	   1.1924370e-01	   1.2477914e-01	   1.2477914e-01	   1.1924370e-01	
   8.0700000e+02	   1.1958926e-01	   1.1958926e-01	   1.1958926e-01	   1.2511824e-01	   1.2511824e-01	   1.1958926e-01	
   8.0800000e+02	   1.1929969e-01	   1.1929969e-01	   1.1929969e-01	   1.2480597e-01	   1.2480597e-01	   1.1929969e-01	
   8.0900000e+02	   1.1906616e-01	   1.1906616e-01	   1.1906616e-01	   1.2456431e-01	   1.2456431e-01	   1.1906616e-01	
   8.1000000e+02	   1.1889874e-01	   1.1889874e-01	   1.1889874e-01	   1.2439699e-01	   1.2439699e-01	   1.1889874e-01	
   8.1100000e+02	   1.1918377e-01	   1.1918377e-01	   1.1918377e-01	   1.2468290e-01	   1.2468290e-01	   1.1918377e-01	
   8.1200000e+02	   1.1853051e-01	   1.1853051e-01	   1.1853051e-01	   1.2401565e-01	   1.2401565e-01	   1.1853051e-01	
   8.1300000e+02	   1.1857608e-01	   1.1857608e-01	   1.1857608e-01	   1.2406938e-01	   1.2406938e-01	   1.1857608e-01	
   8.1400000e+02	   1.1832644e-01	   1.1832644e-01	   1.1832644e-01	   1.2382028e-01	   1.2382028e-01	   1.1832644e-01	
   8.1500000e+02	   1.1799567e-01	   1.1799567e-01	   1.1799567e-01	   1.2349130e-01	   1.2349130e-01	   1.1799567e-01	
   8.1600000e+02	   1.1712997e-01	   1.1712997e-01	   1.1712997e-01	   1.2261712e-01	   1.2261712e-01	   1.1712997e-01	
   8.1700000e+02	   1.1672158e-01	   1.1672158e-01	   1.1672158e-01	   1.2220631e-01	   1.2220631e-01	   1.1672158e-01	
   8.1800000e+02	   1.1627973e-01	   1.1627973e-01	   1.1627973e-01	   1.2176330e-01	   1.2176330e-01	   1.1627973e-01	
   8.1900000e+02	   1.1592889e-01	   1.1592889e-01	   1.1592889e-01	   1.2140986e-01	   1.2140986e-01	   1.1592889e-01	
   8.2000000e+02	   1.1571883e-01	   1.1571883e-01	   1.1571883e-01	   1.2118827e-01	   1.2118827e-01	   1.1571883e-01	
   8.2100000e+02	   1.1582739e-01	   1.1582739e-01	   1.1582739e-01	   1.2129498e-01	   1.2129498e-01	   1.1582739e-01	
   8.2200000e+02	   1.1567776e-01	   1.1567776e-01	   1.1567776e-01	   1.2113614e-01	   1.2113614e-01	   1.1567776e-01	
   8.2300000e+02	   1.1534921e-01	   1.1534921e-01	   1.1534921e-01	   1.2079460e-01	   1.2079460e-01	   1.1534921e-01	
   8.2400000e+02	   1.1502076e-01	   1.1502076e-01	   1.1502076e-01	   1.2045496e-01	   1.2045496e-01	   1.1502076e-01	
   8.2500000e+02	   1.1477063e-01	   1.1477063e-01	   1.1477063e-01	   1.2019977e-01	   1.2019977e-01	   1.1477063e-01	
   8.2600000e+02	   1.1453833e-01	   1.1453833e-01	   1.1453833e-01	   1.1996375e-01	   1.1996375e-01	   1.1453833e-01	
   8.2700000e+02	   1.1466686e-01	   1.1466686e-01	   1.1466686e-01	   1.2009079e-01	   1.2009079e-01	   1.1466686e-01	
   8.2800000e+02	   1.1443573e-01	   1.1443573e-01	   1.1443573e-01	   1.1985247e-01	   1.1985247e-01	   1.1443573e-01	
   8.2900000e+02	   1.1443475e-01	   1.1443475e-01	   1.1443475e-01	   1.1984673e-01	   1.1984673e-01	   1.1443475e-01	
   8.3000000e+02	   1.1424187e-01	   1.1424187e-01	   1.1424187e-01	   1.1964562e-01	   1.1964562e-01	   1.1424187e-01	
   8.3100000e+02	   1.1429758e-01	   1.1429758e-01	   1.1429758e-01	   1.1969410e-01	   1.1969410e-01	   1.1429758e-01	
   8.3200000e+02	   1.1418518e-01	   1.1418518e-01	   1.1418518e-01	   1.1957670e-01	   1.1957670e-01	   1.1418518e-01	
   8.3300000e+02	   1.1421227e-01	   1.1421227e-01	   1.1421227e-01	   1.1960051e-01	   1.1960051e-01	   1.1421227e-01	
   8.3400000e+02	   1.1430840e-01	   1.1430840e-01	   1.1430840e-01	   1.1968750e-01	   1.1968750e-01	   1.1430840e-01	
   8.3500000e+02	   1.1420080e-01	   1.1420080e-01	   1.1420080e-01	   1.1956982e-01	   1.1956982e-01	   1.1420080e-01	
   8.3600000e+02	   1.1419064e-01	   1.1419064e-01	   1.1419064e-01	   1.1955627e-01	   1.1955627e-01	   1.1419064e-01	
   8.3700000e+02	   1.1429053e-01	   1.1429053e-01	   1.1429053e-01	   1.1965899e-01	   1.1965899e-01	   1.1429053e-01	
   8.3800000e+02	   1.1450211e-01	   1.1450211e-01	   1.1450211e-01	   1.1986321e-01	   1.1986321e-01	   1.1450211e-01	
   8.3900000e+02	   1.1465171e-01	   1.1465171e-01	   1.1465171e-01	   1.2001437e-01	   1.2001437e-01	   1.1465171e-01	
   8.4000000e+02	   1.1529252e-01	   1.1529252e-01	   1.1529252e-01	   1.2065705e-01	   1.2065705e-01	   1.1529252e-01	
   8.4100000e+02	   1.1591297e-01	   1.1591297e-01	   1.1591297e-01	   1.2127530e-01	   1.2127530e-01	   1.1591297e-01	
   8.4200000e+02	   1.1596105e-01	   1.1596105e-01	   1.1596105e-01	   1.2130462e-01	   1.2130462e-01	   1.1596105e-01	
   8.4300000e+02	   1.1606752e-01	   1.1606752e-01	   1.1606752e-01	   1.2140132e-01	   1.2140132e-01	   1.1606752e-01	
   8.4400000e+02	   1.1661343e-01	   1.1661343e-01	   1.1661343e-01	   1.2194521e-01	   1.2194521e-01	   1.1661343e-01	
   8.4500000e+02	   1.1678946e-01	   1.1678946e-01	   1.1678946e-01	   1.2211494e-01	   1.2211494e-01	   1.1678946e-01	
   8.4600000e+02	   1.1638087e-01	   1.1638087e-01	   1.1638087e-01	   1.2169142e-01	   1.2169142e-01	   1.1638087e-01	
   8.4700000e+02	   1.1677910e-01	   1.1677910e-01	   1.1677910e-01	   1.2209423e-01	   1.2209423e-01	   1.1677910e-01	
   8.4800000e+02	   1.1714909e-01	   1.1714909e-01	   1.1714909e-01	   1.2246472e-01	   1.2246472e-01	   1.1714909e-01	
   8.4900000e+02	   1.1723484e-01	   1.1723484e-01	   1.1723484e-01	   1.2254081e-01	   1.2254081e-01	   1.1723484e-01	
   8.5000000e+02	   1.1735914e-01	   1.1735914e-01	   1.1735914e-01	   1.2266283e-01	   1.2266283e-01	   1.1735914e-01	
   8.5100000e+02	   1.1799786e-01	   1.1799786e-01	   1.1799786e-01	   1.2330095e-01	   1.2330095e-01	   1.1799786e-01	
   8.5200000e+02	   1.1845116e-01	   1.1845116e-01	   1.1845116e-01	   1.2375751e-01	   1.2375751e-01	   1.1845116e-01	
   8.5300000e+02	   1.1857544e-01	   1.1857544e-01	   1.1857544e-01	   1.2388163e-01	   1.2388163e-01	   1.1857544e-01	
   8.5400000e+02	   1.1867700e-01	   1.1867700e-01	   1.1867700e-01	   1.2398194e-01	   1.2398194e-01	   1.1867700e-01	
   8.5500000e+02	   1.1867314e-01	   1.1867314e-01	   1.1867314e-01	   1.2397022e-01	   1.2397022e-01	   1.1867314e-01	
   8.5600000e+02	   1.1775651e-01	   1.1775651e-01	   1.1775651e-01	   1.2304453e-01	   1.2304453e-01	   1.1775651e-01	
   8.5700000e+02	   1.1671500e-01	   1.1671500e-01	   1.1671500e-01	   1.2197505e-01	   1.2197505e-01	   1.1671500e-01	
   8.5800000e+02	   1.1598898e-01	   1.1598898e-01	   1.1598898e-01	   1.2123332e-01	   1.2123332e-01	   1.1598898e-01	
   8.5900000e+02	   1.1542703e-01	   1.1542703e-01	   1.1542703e-01	   1.2066831e-01	   1.2066831e-01	   1.1542703e-01	
   8.6000000e+02	   1.1463880e-01	   1.1463880e-01	   1.1463880e-01	   1.1986758e-01	   1.1986758e-01	   1.1463880e-01	
   8.6100000e+02	   1.1445988e-01	   1.1445988e-01	   1.1445988e-01	   1.1968479e-01	   1.1968479e-01	   1.1445988e-01	
   8.6200000e+02	   1.1449036e-01	   1.1449036e-01	   1.1449036e-01	   1.1971874e-01	   1.1971874e-01	   1.1449036e-01	
   8.6300000e+02	   1.1450832e-01	   1.1450832e-01	   1.1450832e-01	   1.1974321e-01	   1.1974321e-01	   1.1450832e-01	
   8.6400000e+02	   1.1432123e-01	   1.1432123e-01	   1.1432123e-01	   1.1954171e-01	   1.1954171e-01	   1.1432123e-01	
   8.6500000e+02	   1.1428738e-01	   1.1428738e-01	   1.1428738e-01	   1.1950921e-01	   1.1950921e-01	   1.1428738e-01	
   8.6600000e+02	   1.1465624e-01	   1.1465624e-01	   1.1465624e-01	   1.1987122e-01	   1.1987122e-01	   1.1465624e-01	
   8.6700000e+02	   1.1495822e-01	   1.1495822e-01	   1.1495822e-01	   1.2017140e-01	   1.2017140e-01	   1.1495822e-01	
   8.6800000e+02	   1.1471808e-01	   1.1471808e-01	   1.1471808e-01	   1.1990508e-01	   1.1990508e-01	   1.1471808e-01	
   8.6900000e+02	   1.1503156e-01	   1.1503156e-01	   1.1503156e-01	   1.2021097e-01	   1.2021097e-01	   1.1503156e-01	
   8.7000000e+02	   1.1587497e-01	   1.1587497e-01	   1.1587497e-01	   1.2105442e-01	   1.2105442e-01	   1.1587497e-01	
   8.7100000e+02	   1.1674797e-01	   1.1674797e-01	   1.1674797e-01	   1.2193305e-01	   1.2193305e-01	   1.1674797e-01	
   8.7200000e+02	   1.1699867e-01	   1.1699867e-01	   1.1699867e-01	   1.2217070e-01	   1.2217070e-01	   1.1699867e-01	
   8.7300000e+02	   1.1841838e-01	   1.1841838e-01	   1.1841838e-01	   1.2359967e-01	   1.2359967e-01	   1.1841838e-01	
   8.7400000e+02	   1.1967578e-01	   1.1967578e-01	   1.1967578e-01	   1.2485992e-01	   1.2485992e-01	   1.1967578e-01	
   8.7500000e+02	   1.2069422e-01	   1.2069422e-01	   1.2069422e-01	   1.2586900e-01	   1.2586900e-01	   1.2069422e-01	
   8.7600000e+02	   1.2179024e-01	   1.2179024e-01	   1.2179024e-01	   1.2695210e-01	   1.2695210e-01	   1.2179024e-01	
   8.7700000e+02	   1.2338127e-01	   1.2338127e-01	   1.2338127e-01	   1.2854927e-01	   1.2854927e-01	   1.2338127e-01	
   8.7800000e+02	   1.2394636e-01	   1.2394636e-01	   1.2394636e-01	   1.2910562e-01	   1.2910562e-01	   1.2394636e-01	
   8.7900000e+02	   1.2382385e-01	   1.2382385e-01	   1.2382385e-01	   1.2897747e-01	   1.2897747e-01	   1.2382385e-01	
   8.8000000e+02	   1.2360118e-01	   1.2360118e-01	   1.2360118e-01	   1.2875196e-01	   1.2875196e-01	   1.2360118e-01	
   8.8100000e+02	   1.2282447e-01	   1.2282447e-01	   1.2282447e-01	   1.2796717e-01	   1.2796717e-01	   1.2282447e-01	
   8.8200000e+02	   1.2171887e-01	   1.2171887e-01	   1.2171887e-01	   1.2684996e-01	   1.2684996e-01	   1.2171887e-01	
   8.8300000e+02	   1.2103385e-01	   1.2103385e-01	   1.2103385e-01	   1.2616094e-01	   1.2616094e-01	   1.2103385e-01	
   8.8400000e+02	   1.2046870e-01	   1.2046870e-01	   1.2046870e-01	   1.2558494e-01	   1.2558494e-01	   1.2046870e-01	
   8.8500000e+02	   1.2042889e-01	   1.2042889e-01	   1.2042889e-01	   1.2553480e-01	   1.2553480e-01	   1.2042889e-01	
   8.8600000e+02	   1.2062655e-01	   1.2062655e-01	   1.2062655e-01	   1.2572548e-01	   1.2572548e-01	   1.2062655e-01	
   8.8700000e+02	   1.2156053e-01	   1.2156053e-01	   1.2156053e-01	   1.2665298e-01	   1.2665298e-01	   1.2156053e-01	
   8.8800000e+02	   1.2286997e-01	   1.2286997e-01	   1.2286997e-01	   1.2796232e-01	   1.2796232e-01	   1.2286997e-01	
   8.8900000e+02	   1.2441916e-01	   1.2441916e-01	   1.2441916e-01	   1.2950586e-01	   1.2950586e-01	   1.2441916e-01	
   8.9000000e+02	   1.2664590e-01	   1.2664590e-01	   1.2664590e-01	   1.3173162e-01	   1.3173162e-01	   1.2664590e-01	
   8.9100000e+02	   1.2946597e-01	   1.2946597e-01	   1.2946597e-01	   1.3455707e-01	   1.3455707e-01	   1.2946597e-01	
   8.9200000e+02	   1.3281823e-01	   1.3281823e-01	   1.3281823e-01	   1.3790913e-01	   1.3790913e-01	   1.3281823e-01	
   8.9300000e+02	   1.3657006e-01	   1.3657006e-01	   1.3657006e-01	   1.4165332e-01	   1.4165332e-01	   1.3657006e-01	
   8.9400000e+02	   1.4098310e-01	   1.4098310e-01	   1.4098310e-01	   1.4605995e-01	   1.4605995e-01	   1.4098310e-01	
   8.9500000e+02	   1.4521974e-01	   1.4521974e-01	   1.4521974e-01	   1.5028686e-01	   1.5028686e-01	   1.4521974e-01	
   8.9600000e+02	   1.5021687e-01	   1.5021687e-01	   1.5021687e-01	   1.5527732e-01	   1.5527732e-01	   1.5021687e-01	
   8.9700000e+02	   1.5512746e-01	   1.5512746e-01	   1.5512746e-01	   1.6018497e-01	   1.6018497e-01	   1.5512746e-01	
   8.9800000e+02	   1.6074756e-01	   1.6074756e-01	   1.6074756e-01	   1.6580212e-01	   1.6580212e-01	   1.6074756e-01	
   8.9900000e+02	   1.6736862e-01	   1.6736862e-01	   1.6736862e-01	   1.7242888e-01	   1.7242888e-01	   1.6736862e-01	
   9.0000000e+02	   1.7560507e-01	   1.7560507e-01	   1.7560507e-01	   1.8066281e-01	   1.8066281e-01	   1.7560507e-01	
   9.0100000e+02	   1.8460670e-01	   1.8460670e-01	   1.8460670e-01	   1.8966012e-01	   1.8966012e-01	   1.8460670e-01	
   9.0200000e+02	   1.9591421e-01	   1.9591421e-01	   1.9591421e-01	   2.0096577e-01	   2.0096577e-01	   1.9591421e-01	
   9.0300000e+02	   2.0751497e-01	   2.0751497e-01	   2.0751497e-01	   2.1256349e-01	   2.1256349e-01	   2.0751497e-01	
   9.0400000e+02	   2.2133663e-01	   2.2133663e-01	   2.2133663e-01	   2.2637551e-01	   2.2637551e-01	   2.2133663e-01	
   9.0500000e+02	   2.3554931e-01	   2.3554931e-01	   2.3554931e-01	   2.4059872e-01	   2.4059872e-01	   2.3554931e-01	
   9.0600000e+02	   2.5077379e-01	   2.5077379e-01	   2.5077379e-01	   2.5582728e-01	   2.5582728e-01	   2.5077379e-01	
   9.0700000e+02	   2.6835291e-01	   2.6835291e-01	   2.6835291e-01	   2.7343350e-01	   2.7343350e-01	   2.6835291e-01	
   9.0800000e+02	   2.7849161e-01	   2.7849161e-01	   2.7849161e-01	   2.8355903e-01	   2.8355903e-01	   2.7849161e-01	
   9.0900000e+02	   2.7216682e-01	   2.7216682e-01	   2.7216682e-01	   2.7721860e-01	   2.7721860e-01	   2.7216682e-01	
   9.1000000e+02	   2.4247034e-01	   2.4247034e-01	   2.4247034e-01	   2.4748924e-01	   2.4748924e-01	   2.4247034e-01	
   9.1100000e+02	   2.1031230e-01	   2.1031230e-01	   2.1031230e-01	   2.1530244e-01	   2.1530244e-01	   2.1031230e-01	
   9.1200000e+02	   1.9302305e-01	   1.9302305e-01	   1.9302305e-01	   1.9802586e-01	   1.9802586e-01	   1.9302305e-01	
   9.1300000e+02	   1.7335079e-01	   1.7335079e-01	   1.7335079e-01	   1.7834706e-01	   1.7834706e-01	   1.7335079e-01	
   9.1400000e+02	   1.6185238e-01	   1.6185238e-01	   1.6185238e-01	   1.6684781e-01	   1.6684781e-01	   1.6185238e-01	
   9.1500000e+02	   1.5438050e-01	   1.5438050e-01	   1.5438050e-01	   1.5936645e-01	   1.5936645e-01	   1.5438050e-01	
   9.1600000e+02	   1.5009023e-01	   1.5009023e-01	   1.5009023e-01	   1.5506836e-01	   1.5506836e-01	   1.5009023e-01	
   9.1700000e+02	   1.4635825e-01	   1.4635825e-01	   1.4635825e-01	   1.5134365e-01	   1.5134365e-01	   1.4635825e-01	
   9.1800000e+02	   1.4263080e-01	   1.4263080e-01	   1.4263080e-01	   1.4761433e-01	   1.4761433e-01	   1.4263080e-01	
   9.1900000e+02	   1.3838658e-01	   1.3838658e-01	   1.3838658e-01	   1.4336782e-01	   1.4336782e-01	   1.3838658e-01	
   9.2000000e+02	   1.3256233e-01	   1.3256233e-01	   1.3256233e-01	   1.3753535e-01	   1.3753535e-01	   1.3256233e-01	
   9.2100000e+02	   1.2740325e-01	   1.2740325e-01	   1.2740325e-01	   1.3237213e-01	   1.3237213e-01	   1.2740325e-01	
   9.2200000e+02	   1.2225684e-01	   1.2225684e-01	   1.2225684e-01	   1.2721486e-01	   1.2721486e-01	   1.2225684e-01	
   9.2300000e+02	   1.1848807e-01	   1.1848807e-01	   1.1848807e-01	   1.2344382e-01	   1.2344382e-01	   1.1848807e-01	
   9.2400000e+02	   1.1542544e-01	   1.1542544e-01	   1.1542544e-01	   1.2037911e-01	   1.2037911e-01	   1.1542544e-01	
   9.2500000e+02	   1.1255622e-01	   1.1255622e-01	   1.1255622e-01	   1.1750392e-01	   1.1750392e-01	   1.1255622e-01	
   9.2600000e+02	   1.1082460e-01	   1.1082460e-01	   1.1082460e-01	   1.1576962e-01	   1.1576962e-01	   1.1082460e-01	
   9.2700000e+02	   1.0951785e-01	   1.0951785e-01	   1.0951785e-01	   1.1445549e-01	   1.1445549e-01	   1.0951785e-01	
   9.2800000e+02	   1.0862890e-01	   1.0862890e-01	   1.0862890e-01	   1.1355975e-01	   1.1355975e-01	   1.0862890e-01	
   9.2900000e+02	   1.0808375e-01	   1.0808375e-01	   1.0808375e-01	   1.1300709e-01	   1.1300709e-01	   1.0808375e-01	
   9.3000000e+02	   1.0788188e-01	   1.0788188e-01	   1.0788188e-01	   1.1281025e-01	   1.1281025e-01	   1.0788188e-01	
   9.3100000e+02	   1.0766121e-01	   1.0766121e-01	   1.0766121e-01	   1.1258673e-01	   1.1258673e-01	   1.0766121e-01	
   9.3200000e+02	   1.0769493e-01	   1.0769493e-01	   1.0769493e-01	   1.1262682e-01	   1.1262682e-01	   1.0769493e-01	
   9.3300000e+02	   1.0723699e-01	   1.0723699e-01	   1.0723699e-01	   1.1215950e-01	   1.1215950e-01	   1.0723699e-01	
   9.3400000e+02	   1.0684755e-01	   1.0684755e-01	   1.0684755e-01	   1.1176748e-01	   1.1176748e-01	   1.0684755e-01	
   9.3500000e+02	   1.0689007e-01	   1.0689007e-01	   1.0689007e-01	   1.1180630e-01	   1.1180630e-01	   1.0689007e-01	
   9.3600000e+02	   1.0690055e-01	   1.0690055e-01	   1.0690055e-01	   1.1181300e-01	   1.1181300e-01	   1.0690055e-01	
   9.3700000e+02	   1.0662899e-01	   1.0662899e-01	   1.0662899e-01	   1.1153343e-01	   1.1153343e-01	   1.0662899e-01	
   9.3800000e+02	   1.0658950e-01	   1.0658950e-01	   1.0658950e-01	   1.1148938e-01	   1.1148938e-01	   1.0658950e-01	
   9.3900000e+02	   1.0665575e-01	   1.0665575e-01	   1.0665575e-01	   1.1154795e-01	   1.1154795e-01	   1.0665575e-01	
   9.4000000e+02	   1.0641838e-01	   1.0641838e-01	   1.0641838e-01	   1.1129729e-01	   1.1129729e-01	   1.0641838e-01	
   9.4100000e+02	   1.0641530e-01	   1.0641530e-01	   1.0641530e-01	   1.1129419e-01	   1.1129419e-01	   1.0641530e-01	
   9.4200000e+02	   1.0644358e-01	   1.0644358e-01	   1.0644358e-01	   1.1131153e-01	   1.1131153e-01	   1.0644358e-01	
   9.4300000e+02	   1.0659209e-01	   1.0659209e-01	   1.0659209e-01	   1.1145672e-01	   1.1145672e-01	   1.0659209e-01	
   9.4400000e+02	   1.0659528e-01	   1.0659528e-01	   1.0659528e-01	   1.1145616e-01	   1.1145616e-01	   1.0659528e-01	
   9.4500000e+02	   1.0658687e-01	   1.0658687e-01	   1.0658687e-01	   1.1144561e-01	   1.1144561e-01	   1.0658687e-01	
   9.4600000e+02	   1.0627783e-01	   1.0627783e-01	   1.0627783e-01	   1.1112527e-01	   1.1112527e-01	   1.0627783e-01	
   9.4700000e+02	   1.0620429e-01	   1.0620429e-01	   1.0620429e-01	   1.1104633e-01	   1.1104633e-01	   1.0620429e-01	
   9.4800000e+02	   1.0570653e-01	   1.0570653e-01	   1.0570653e-01	   1.1054539e-01	   1.1054539e-01	   1.0570653e-01	
   9.4900000e+02	   1.0533053e-01	   1.0533053e-01	   1.0533053e-01	   1.1016386e-01	   1.1016386e-01	   1.0533053e-01	
   9.5000000e+02	   1.0536439e-01	   1.0536439e-01	   1.0536439e-01	   1.1019831e-01	   1.1019831e-01	   1.0536439e-01	
   9.5100000e+02	   1.0534269e-01	   1.0534269e-01	   1.0534269e-01	   1.1016524e-01	   1.1016524e-01	   1.0534269e-01	
   9.5200000e+02	   1.0525995e-01	   1.0525995e-01	   1.0525995e-01	   1.1008254e-01	   1.1008254e-01	   1.0525995e-01	
   9.5300000e+02	   1.0554349e-01	   1.0554349e-01	   1.0554349e-01	   1.1036524e-01	   1.1036524e-01	   1.0554349e-01	
   9.5400000e+02	   1.0562378e-01	   1.0562378e-01	   1.0562378e-01	   1.1044331e-01	   1.1044331e-01	   1.0562378e-01	
   9.5500000e+02	   1.0546407e-01	   1.0546407e-01	   1.0546407e-01	   1.1027785e-01	   1.1027785e-01	   1.0546407e-01	
   9.5600000e+02	   1.0521399e-01	   1.0521399e-01	   1.0521399e-01	   1.1003025e-01	   1.1003025e-01	   1.0521399e-01	
   9.5700000e+02	   1.0534652e-01	   1.0534652e-01	   1.0534652e-01	   1.1016117e-01	   1.1016117e-01	   1.0534652e-01	
   9.5800000e+02	   1.0520866e-01	   1.0520866e-01	   1.0520866e-01	   1.1001214e-01	   1.1001214e-01	   1.0520866e-01	
   9.5900000e+02	   1.0488953e-01	   1.0488953e-01	   1.0488953e-01	   1.0968406e-01	   1.0968406e-01	   1.0488953e-01	
   9.6000000e+02	   1.0480163e-01	   1.0480163e-01	   1.0480163e-01	   1.0959146e-01	   1.0959146e-01	   1.0480163e-01	
   9.6100000e+02	   1.0488100e-01	   1.0488100e-01	   1.0488100e-01	   1.0966637e-01	   1.0966637e-01	   1.0488100e-01	
   9.6200000e+02	   1.0480472e-01	   1.0480472e-01	   1.0480472e-01	   1.0959162e-01	   1.0959162e-01	   1.0480472e-01	
   9.6300000e+02	   1.0446811e-01	   1.0446811e-01	   1.0446811e-01	   1.0925574e-01	   1.0925574e-01	   1.0446811e-01	
   9.6400000e+02	   1.0431853e-01	   1.0431853e-01	   1.0431853e-01	   1.0910671e-01	   1.0910671e-01	   1.0431853e-01	
   9.6500000e+02	   1.0396524e-01	   1.0396524e-01	   1.0396524e-01	   1.0874678e-01	   1.0874678e-01	   1.0396524e-01	
   9.6600000e+02	   1.0354884e-01	   1.0354884e-01	   1.0354884e-01	   1.0832387e-01	   1.0832387e-01	   1.0354884e-01	
   9.6700000e+02	   1.0277163e-01	   1.0277163e-01	   1.0277163e-01	   1.0752258e-01	   1.0752258e-01	   1.0277163e-01	
   9.6800000e+02	   1.0244258e-01	   1.0244258e-01	   1.0244258e-01	   1.0718766e-01	   1.0718766e-01	   1.0244258e-01	
   9.6900000e+02	   1.0209092e-01	   1.0209092e-01	   1.0209092e-01	   1.0681728e-01	   1.0681728e-01	   1.0209092e-01	
   9.7000000e+02	   1.0209259e-01	   1.0209259e-01	   1.0209259e-01	   1.0681651e-01	   1.0681651e-01	   1.0209259e-01	
   9.7100000e+02	   1.0201938e-01	   1.0201938e-01	   1.0201938e-01	   1.0674183e-01	   1.0674183e-01	   1.0201938e-01	
   9.7200000e+02	   1.0205645e-01	   1.0205645e-01	   1.0205645e-01	   1.0678839e-01	   1.0678839e-01	   1.0205645e-01	
   9.7300000e+02	   1.0185073e-01	   1.0185073e-01	   1.0185073e-01	   1.0656833e-01	   1.0656833e-01	   1.0185073e-01	
   9.7400000e+02	   1.0190221e-01	   1.0190221e-01	   1.0190221e-01	   1.0661974e-01	   1.0661974e-01	   1.0190221e-01	
   9.7500000e+02	   1.0183695e-01	   1.0183695e-01	   1.0183695e-01	   1.0655236e-01	   1.0655236e-01	   1.0183695e-01	
   9.7600000e+02	   1.0192171e-01	   1.0192171e-01	   1.0192171e-01	   1.0663083e-01	   1.0663083e-01	   1.0192171e-01	
   9.7700000e+02	   1.0237618e-01	   1.0237618e-01	   1.0237618e-01	   1.0708153e-01	   1.0708153e-01	   1.0237618e-01	
   9.7800000e+02	   1.0276353e-01	   1.0276353e-01	   1.0276353e-01	   1.0747517e-01	   1.0747517e-01	   1.0276353e-01	
   9.7900000e+02	   1.0300250e-01	   1.0300250e-01	   1.0300250e-01	   1.0770998e-01	   1.0770998e-01	   1.0300250e-01	
   9.8000000e+02	   1.0331453e-01	   1.0331453e-01	   1.0331453e-01	   1.0801204e-01	   1.0801204e-01	   1.0331453e-01	
   9.8100000e+02	   1.0355024e-01	   1.0355024e-01	   1.0355024e-01	   1.0824416e-01	   1.0824416e-01	   1.0355024e-01	
   9.8200000e+02	   1.0323091e-01	   1.0323091e-01	   1.0323091e-01	   1.0790069e-01	   1.0790069e-01	   1.0323091e-01	
   9.8300000e+02	   1.0383524e-01	   1.0383524e-01	   1.0383524e-01	   1.0849540e-01	   1.0849540e-01	   1.0383524e-01	
   9.8400000e+02	   1.0432814e-01	   1.0432814e-01	   1.0432814e-01	   1.0898360e-01	   1.0898360e-01	   1.0432814e-01	
   9.8500000e+02	   1.0507582e-01	   1.0507582e-01	   1.0507582e-01	   1.0972085e-01	   1.0972085e-01	   1.0507582e-01	
   9.8600000e+02	   1.0582623e-01	   1.0582623e-01	   1.0582623e-01	   1.1045587e-01	   1.1045587e-01	   1.0582623e-01	
   9.8700000e+02	   1.0791728e-01	   1.0791728e-01	   1.0791728e-01	   1.1257257e-01	   1.1257257e-01	   1.0791728e-01	
   9.8800000e+02	   1.0945965e-01	   1.0945965e-01	   1.0945965e-01	   1.1410404e-01	   1.1410404e-01	   1.0945965e-01	
   9.8900000e+02	   1.1145026e-01	   1.1145026e-01	   1.1145026e-01	   1.1609629e-01	   1.1609629e-01	   1.1145026e-01	
   9.9000000e+02	   1.1254730e-01	   1.1254730e-01	   1.1254730e-01	   1.1719315e-01	   1.1719315e-01	   1.1254730e-01	
   9.9100000e+02	   1.1403632e-01	   1.1403632e-01	   1.1403632e-01	   1.1868631e-01	   1.1868631e-01	   1.1403632e-01	
   9.9200000e+02	   1.1446279e-01	   1.1446279e-01	   1.1446279e-01	   1.1909100e-01	   1.1909100e-01	   1.1446279e-01	
   9.9300000e+02	   1.1489492e-01	   1.1489492e-01	   1.1489492e-01	   1.1952046e-01	   1.1952046e-01	   1.1489492e-01	
   9.9400000e+02	   1.1525058e-01	   1.1525058e-01	   1.1525058e-01	   1.1986685e-01	   1.1986685e-01	   1.1525058e-01	
   9.9500000e+02	   1.1606775e-01	   1.1606775e-01	   1.1606775e-01	   1.2067749e-01	   1.2067749e-01	   1.1606775e-01	
   9.9600000e+02	   1.1708189e-01	   1.1708189e-01	   1.1708189e-01	   1.2168979e-01	   1.2168979e-01	   1.1708189e-01	
   9.9700000e+02	   1.1730630e-01	   1.1730630e-01	   1.1730630e-01	   1.2189279e-01	   1.2189279e-01	   1.1730630e-01	
   9.9800000e+02	   1.1844760e-01	   1.1844760e-01	   1.1844760e-01	   1.2303451e-01	   1.2303451e-01	   1.1844760e-01	
   9.9900000e+02	   1.1960003e-01	   1.1960003e-01	   1.1960003e-01	   1.2419376e-01	   1.2419376e-01	   1.1960003e-01	
   1.0000000e+03	   1.2111509e-01	   1.2111509e-01	   1.2111509e-01	   1.2571018e-01	   1.2571018e-01	   1.2111509e-01	
   1.0010000e+03	   1.2197368e-01	   1.2197368e-01	   1.2197368e-01	   1.2655360e-01	   1.2655360e-01	   1.2197368e-01	
   1.0020000e+03	   1.2399994e-01	   1.2399994e-01	   1.2399994e-01	   1.2861324e-01	   1.2861324e-01	   1.2399994e-01	
   1.0030000e+03	   1.2517773e-01	   1.2517773e-01	   1.2517773e-01	   1.2978528e-01	   1.2978528e-01	   1.2517773e-01	
   1.0040000e+03	   1.2588912e-01	   1.2588912e-01	   1.2588912e-01	   1.3048163e-01	   1.3048163e-01	   1.2588912e-01	
   1.0050000e+03	   1.2696460e-01	   1.2696460e-01	   1.2696460e-01	   1.3155342e-01	   1.3155342e-01	   1.2696460e-01	
   1.0060000e+03	   1.2855729e-01	   1.2855729e-01	   1.2855729e-01	   1.3315852e-01	   1.3315852e-01	   1.2855729e-01	
   1.0070000e+03	   1.3018538e-01	   1.3018538e-01	   1.3018538e-01	   1.3477547e-01	   1.3477547e-01	   1.3018538e-01	
   1.0080000e+03	   1.3224430e-01	   1.3224430e-01	   1.3224430e-01	   1.3683923e-01	   1.3683923e-01	   1.3224430e-01	
   1.0090000e+03	   1.3469208e-01	   1.3469208e-01	   1.3469208e-01	   1.3928551e-01	   1.3928551e-01	   1.3469208e-01	
   1.0100000e+03	   1.3701560e-01	   1.3701560e-01	   1.3701560e-01	   1.4160150e-01	   1.4160150e-01	   1.3701560e-01	
   1.0110000e+03	   1.3920432e-01	   1.3920432e-01	   1.3920432e-01	   1.4378186e-01	   1.4378186e-01	   1.3920432e-01	
   1.0120000e+03	   1.4163454e-01	   1.4163454e-01	   1.4163454e-01	   1.4617514e-01	   1.4617514e-01	   1.4163454e-01	
   1.0130000e+03	   1.4428140e-01	   1.4428140e-01	   1.4428140e-01	   1.4881246e-01	   1.4881246e-01	   1.4428140e-01	
   1.0140000e+03	   1.4784417e-01	   1.4784417e-01	   1.4784417e-01	   1.5237459e-01	   1.5237459e-01	   1.4784417e-01	
   1.0150000e+03	   1.5200613e-01	   1.5200613e-01	   1.5200613e-01	   1.5653193e-01	   1.5653193e-01	   1.5200613e-01	
   1.0160000e+03	   1.5605476e-01	   1.5605476e-01	   1.5605476e-01	   1.6058814e-01	   1.6058814e-01	   1.5605476e-01	
   1.0170000e+03	   1.5907739e-01	   1.5907739e-01	   1.5907739e-01	   1.6363098e-01	   1.6363098e-01	   1.5907739e-01	
   1.0180000e+03	   1.6147472e-01	   1.6147472e-01	   1.6147472e-01	   1.6602896e-01	   1.6602896e-01	   1.6147472e-01	
   1.0190000e+03	   1.6221167e-01	   1.6221167e-01	   1.6221167e-01	   1.6675937e-01	   1.6675937e-01	   1.6221167e-01	
   1.0200000e+03	   1.6196175e-01	   1.6196175e-01	   1.6196175e-01	   1.6652281e-01	   1.6652281e-01	   1.6196175e-01	
   1.0210000e+03	   1.5978418e-01	   1.5978418e-01	   1.5978418e-01	   1.6431923e-01	   1.6431923e-01	   1.5978418e-01	
   1.0220000e+03	   1.5757203e-01	   1.5757203e-01	   1.5757203e-01	   1.6211788e-01	   1.6211788e-01	   1.5757203e-01	
   1.0230000e+03	   1.5514502e-01	   1.5514502e-01	   1.5514502e-01	   1.5971509e-01	   1.5971509e-01	   1.5514502e-01	
   1.0240000e+03	   1.5163763e-01	   1.5163763e-01	   1.5163763e-01	   1.5620338e-01	   1.5620338e-01	   1.5163763e-01	
   1.0250000e+03	   1.4755582e-01	   1.4755582e-01	   1.4755582e-01	   1.5212035e-01	   1.5212035e-01	   1.4755582e-01	
   1.0260000e+03	   1.4427990e-01	   1.4427990e-01	   1.4427990e-01	   1.4883879e-01	   1.4883879e-01	   1.4427990e-01	
   1.0270000e+03	   1.4111702e-01	   1.4111702e-01	   1.4111702e-01	   1.4566704e-01	   1.4566704e-01	   1.4111702e-01	
   1.0280000e+03	   1.3753023e-01	   1.3753023e-01	   1.3753023e-01	   1.4204252e-01	   1.4204252e-01	   1.3753023e-01	
   1.0290000e+03	   1.3392774e-01	   1.3392774e-01	   1.3392774e-01	   1.3840659e-01	   1.3840659e-01	   1.3392774e-01	
   1.0300000e+03	   1.2975517e-01	   1.2975517e-01	   1.2975517e-01	   1.3417996e-01	   1.3417996e-01	   1.2975517e-01	
   1.0310000e+03	   1.2558614e-01	   1.2558614e-01	   1.2558614e-01	   1.3001829e-01	   1.3001829e-01	   1.2558614e-01	
   1.0320000e+03	   1.2102900e-01	   1.2102900e-01	   1.2102900e-01	   1.2539821e-01	   1.2539821e-01	   1.2102900e-01	
   1.0330000e+03	   1.1747556e-01	   1.1747556e-01	   1.1747556e-01	   1.2184493e-01	   1.2184493e-01	   1.1747556e-01	
   1.0340000e+03	   1.1571374e-01	   1.1571374e-01	   1.1571374e-01	   1.2011960e-01	   1.2011960e-01	   1.1571374e-01	
   1.0350000e+03	   1.1452792e-01	   1.1452792e-01	   1.1452792e-01	   1.1900462e-01	   1.1900462e-01	   1.1452792e-01	
   1.0360000e+03	   1.1339332e-01	   1.1339332e-01	   1.1339332e-01	   1.1785658e-01	   1.1785658e-01	   1.1339332e-01	
   1.0370000e+03	   1.1133175e-01	   1.1133175e-01	   1.1133175e-01	   1.1582267e-01	   1.1582267e-01	   1.1133175e-01	
   1.0380000e+03	   1.1017925e-01	   1.1017925e-01	   1.1017925e-01	   1.1462106e-01	   1.1462106e-01	   1.1017925e-01	
   1.0390000e+03	   1.0810671e-01	   1.0810671e-01	   1.0810671e-01	   1.1254371e-01	   1.1254371e-01	   1.0810671e-01	
   1.0400000e+03	   1.0555200e-01	   1.0555200e-01	   1.0555200e-01	   1.0990996e-01	   1.0990996e-01	   1.0555200e-01	
   1.0410000e+03	   1.0473256e-01	   1.0473256e-01	   1.0473256e-01	   1.0911326e-01	   1.0911326e-01	   1.0473256e-01	
   1.0420000e+03	   1.0426240e-01	   1.0426240e-01	   1.0426240e-01	   1.0865355e-01	   1.0865355e-01	   1.0426240e-01	
   1.0430000e+03	   1.0374763e-01	   1.0374763e-01	   1.0374763e-01	   1.0814547e-01	   1.0814547e-01	   1.0374763e-01	
   1.0440000e+03	   1.0322387e-01	   1.0322387e-01	   1.0322387e-01	   1.0760866e-01	   1.0760866e-01	   1.0322387e-01	
   1.0450000e+03	   1.0260257e-01	   1.0260257e-01	   1.0260257e-01	   1.0697246e-01	   1.0697246e-01	   1.0260257e-01	
   1.0460000e+03	   1.0226769e-01	   1.0226769e-01	   1.0226769e-01	   1.0662647e-01	   1.0662647e-01	   1.0226769e-01	
   1.0470000e+03	   1.0200405e-01	   1.0200405e-01	   1.0200405e-01	   1.0636095e-01	   1.0636095e-01	   1.0200405e-01	
   1.0480000e+03	   1.0160603e-01	   1.0160603e-01	   1.0160603e-01	   1.0594826e-01	   1.0594826e-01	   1.0160603e-01	
   1.0490000e+03	   1.0121589e-01	   1.0121589e-01	   1.0121589e-01	   1.0553798e-01	   1.0553798e-01	   1.0121589e-01	
   1.0500000e+03	   1.0089566e-01	   1.0089566e-01	   1.0089566e-01	   1.0519368e-01	   1.0519368e-01	   1.0089566e-01	
   1.0510000e+03	   1.0045673e-01	   1.0045673e-01	   1.0045673e-01	   1.0473981e-01	   1.0473981e-01	   1.0045673e-01	
   1.0520000e+03	   1.0012197e-01	   1.0012197e-01	   1.0012197e-01	   1.0439320e-01	   1.0439320e-01	   1.0012197e-01	
   1.0530000e+03	   9.9903981e-02	   9.9903981e-02	   9.9903981e-02	   1.0416085e-01	   1.0416085e-01	   9.9903981e-02	
   1.0540000e+03	   9.9587800e-02	   9.9587800e-02	   9.9587800e-02	   1.0383067e-01	   1.0383067e-01	   9.9587800e-02	
   1.0550000e+03	   9.9526174e-02	   9.9526174e-02	   9.9526174e-02	   1.0375905e-01	   1.0375905e-01	   9.9526174e-02	
   1.0560000e+03	   9.9577655e-02	   9.9577655e-02	   9.9577655e-02	   1.0380460e-01	   1.0380460e-01	   9.9577655e-02	
   1.0570000e+03	   9.9737512e-02	   9.9737512e-02	   9.9737512e-02	   1.0396113e-01	   1.0396113e-01	   9.9737512e-02	
   1.0580000e+03	   9.9915097e-02	   9.9915097e-02	   9.9915097e-02	   1.0413665e-01	   1.0413665e-01	   9.9915097e-02	
   1.0590000e+03	   1.0036245e-01	   1.0036245e-01	   1.0036245e-01	   1.0458394e-01	   1.0458394e-01	   1.0036245e-01	
   1.0600000e+03	   1.0075070e-01	   1.0075070e-01	   1.0075070e-01	   1.0497136e-01	   1.0497136e-01	   1.0075070e-01	
   1.0610000e+03	   1.0106081e-01	   1.0106081e-01	   1.0106081e-01	   1.0527670e-01	   1.0527670e-01	   1.0106081e-01	
   1.0620000e+03	   1.0131980e-01	   1.0131980e-01	   1.0131980e-01	   1.0552740e-01	   1.0552740e-01	   1.0131980e-01	
   1.0630000e+03	   1.0174373e-01	   1.0174373e-01	   1.0174373e-01	   1.0594372e-01	   1.0594372e-01	   1.0174373e-01	
   1.0640000e+03	   1.0209761e-01	   1.0209761e-01	   1.0209761e-01	   1.0628848e-01	   1.0628848e-01	   1.0209761e-01	
   1.0650000e+03	   1.0251102e-01	   1.0251102e-01	   1.0251102e-01	   1.0669443e-01	   1.0669443e-01	   1.0251102e-01	
   1.0660000e+03	   1.0320483e-01	   1.0320483e-01	   1.0320483e-01	   1.0738505e-01	   1.0738505e-01	   1.0320483e-01	
   1.0670000e+03	   1.0403856e-01	   1.0403856e-01	   1.0403856e-01	   1.0821883e-01	   1.0821883e-01	   1.0403856e-01	
   1.0680000e+03	   1.0475776e-01	   1.0475776e-01	   1.0475776e-01	   1.0893638e-01	   1.0893638e-01	   1.0475776e-01	
   1.0690000e+03	   1.0579819e-01	   1.0579819e-01	   1.0579819e-01	   1.0997968e-01	   1.0997968e-01	   1.0579819e-01	
   1.0700000e+03	   1.0704532e-01	   1.0704532e-01	   1.0704532e-01	   1.1122543e-01	   1.1122543e-01	   1.0704532e-01	
   1.0710000e+03	   1.0810826e-01	   1.0810826e-01	   1.0810826e-01	   1.1228544e-01	   1.1228544e-01	   1.0810826e-01	
   1.0720000e+03	   1.0931831e-01	   1.0931831e-01	   1.0931831e-01	   1.1348941e-01	   1.1348941e-01	   1.0931831e-01	
   1.0730000e+03	   1.1069921e-01	   1.1069921e-01	   1.1069921e-01	   1.1486107e-01	   1.1486107e-01	   1.1069921e-01	
   1.0740000e+03	   1.1174758e-01	   1.1174758e-01	   1.1174758e-01	   1.1590014e-01	   1.1590014e-01	   1.1174758e-01	
   1.0750000e+03	   1.1275337e-01	   1.1275337e-01	   1.1275337e-01	   1.1689519e-01	   1.1689519e-01	   1.1275337e-01	
   1.0760000e+03	   1.1358631e-01	   1.1358631e-01	   1.1358631e-01	   1.1771954e-01	   1.1771954e-01	   1.1358631e-01	
   1.0770000e+03	   1.1444800e-01	   1.1444800e-01	   1.1444800e-01	   1.1857298e-01	   1.1857298e-01	   1.1444800e-01	
   1.0780000e+03	   1.1538054e-01	   1.1538054e-01	   1.1538054e-01	   1.1950405e-01	   1.1950405e-01	   1.1538054e-01	
   1.0790000e+03	   1.1642848e-01	   1.1642848e-01	   1.1642848e-01	   1.2054868e-01	   1.2054868e-01	   1.1642848e-01	
   1.0800000e+03	   1.1731166e-01	   1.1731166e-01	   1.1731166e-01	   1.2143059e-01	   1.2143059e-01	   1.1731166e-01	
   1.0810000e+03	   1.1844967e-01	   1.1844967e-01	   1.1844967e-01	   1.2255995e-01	   1.2255995e-01	   1.1844967e-01	
   1.0820000e+03	   1.1928267e-01	   1.1928267e-01	   1.1928267e-01	   1.2338655e-01	   1.2338655e-01	   1.1928267e-01	
   1.0830000e+03	   1.1993753e-01	   1.1993753e-01	   1.1993753e-01	   1.2402742e-01	   1.2402742e-01	   1.1993753e-01	
   1.0840000e+03	   1.2045628e-01	   1.2045628e-01	   1.2045628e-01	   1.2453413e-01	   1.2453413e-01	   1.2045628e-01	
   1.0850000e+03	   1.2098065e-01	   1.2098065e-01	   1.2098065e-01	   1.2504712e-01	   1.2504712e-01	   1.2098065e-01	
   1.0860000e+03	   1.2145914e-01	   1.2145914e-01	   1.2145914e-01	   1.2551008e-01	   1.2551008e-01	   1.2145914e-01	
   1.0870000e+03	   1.2179671e-01	   1.2179671e-01	   1.2179671e-01	   1.2583657e-01	   1.2583657e-01	   1.2179671e-01	
   1.0880000e+03	   1.2219243e-01	   1.2219243e-01	   1.2219243e-01	   1.2622526e-01	   1.2622526e-01	   1.2219243e-01	
   1.0890000e+03	   1.2239184e-01	   1.2239184e-01	   1.2239184e-01	   1.2642022e-01	   1.2642022e-01	   1.2239184e-01	
   1.0900000e+03	   1.2253190e-01	   1.2253190e-01	   1.2253190e-01	   1.2656668e-01	   1.2656668e-01	   1.2253190e-01	
   1.0910000e+03	   1.2237526e-01	   1.2237526e-01	   1.2237526e-01	   1.2640986e-01	   1.2640986e-01	   1.2237526e-01	
   1.0920000e+03	   1.2231729e-01	   1.2231729e-01	   1.2231729e-01	   1.2635504e-01	   1.2635504e-01	   1.2231729e-01	
   1.0930000e+03	   1.2252244e-01	   1.2252244e-01	   1.2252244e-01	   1.2655311e-01	   1.2655311e-01	   1.2252244e-01	
   1.0940000e+03	   1.2237387e-01	   1.2237387e-01	   1.2237387e-01	   1.2637951e-01	   1.2637951e-01	   1.2237387e-01	
   1.0950000e+03	   1.2164424e-01	   1.2164424e-01	   1.2164424e-01	   1.2561157e-01	   1.2561157e-01	   1.2164424e-01	
   1.0960000e+03	   1.2082061e-01	   1.2082061e-01	   1.2082061e-01	   1.2477009e-01	   1.2477009e-01	   1.2082061e-01	
   1.0970000e+03	   1.2186779e-01	   1.2186779e-01	   1.2186779e-01	   1.2584804e-01	   1.2584804e-01	   1.2186779e-01	
   1.0980000e+03	   1.2176965e-01	   1.2176965e-01	   1.2176965e-01	   1.2578445e-01	   1.2578445e-01	   1.2176965e-01	
   1.0990000e+03	   1.2133916e-01	   1.2133916e-01	   1.2133916e-01	   1.2540899e-01	   1.2540899e-01	   1.2133916e-01	
   1.1000000e+03	   1.1899945e-01	   1.1899945e-01	   1.1899945e-01	   1.2301976e-01	   1.2301976e-01	   1.1899945e-01	
