   6.0100000e+02	   2.9623806e-01	   3.6475808e-01	   4.3327809e-01	   5.0179811e-01	   5.7031812e-01	
   6.0200000e+02	   2.9542389e-01	   3.6379672e-01	   4.3216955e-01	   5.0054239e-01	   5.6891522e-01	
   6.0300000e+02	   2.9560923e-01	   3.6395614e-01	   4.3230306e-01	   5.0064998e-01	   5.6899689e-01	
   6.0400000e+02	   2.9552512e-01	   3.6387308e-01	   4.3222104e-01	   5.0056901e-01	   5.6891697e-01	
   6.0500000e+02	   2.9516436e-01	   3.6346384e-01	   4.3176331e-01	   5.0006279e-01	   5.6836226e-01	
   6.0600000e+02	   2.9498844e-01	   3.6327260e-01	   4.3155676e-01	   4.9984091e-01	   5.6812507e-01	
   6.0700000e+02	   2.9532780e-01	   3.6357268e-01	   4.3181756e-01	   5.0006244e-01	   5.6830732e-01	
   6.0800000e+02	   2.9507781e-01	   3.6330334e-01	   4.3152888e-01	   4.9975441e-01	   5.6797994e-01	
   6.0900000e+02	   2.9456648e-01	   3.6268283e-01	   4.3079918e-01	   4.9891553e-01	   5.6703188e-01	
   6.1000000e+02	   2.9492521e-01	   3.6313395e-01	   4.3134269e-01	   4.9955144e-01	   5.6776018e-01	
   6.1100000e+02	   2.9411665e-01	   3.6219551e-01	   4.3027437e-01	   4.9835322e-01	   5.6643208e-01	
   6.1200000e+02	   2.9375265e-01	   3.6184431e-01	   4.2993597e-01	   4.9802762e-01	   5.6611928e-01	
   6.1300000e+02	   2.9419822e-01	   3.6232815e-01	   4.3045808e-01	   4.9858802e-01	   5.6671795e-01	
   6.1400000e+02	   2.9390458e-01	   3.6192972e-01	   4.2995486e-01	   4.9798001e-01	   5.6600515e-01	
   6.1500000e+02	   2.9346860e-01	   3.6138364e-01	   4.2929868e-01	   4.9721372e-01	   5.6512876e-01	
   6.1600000e+02	   2.9330715e-01	   3.6124015e-01	   4.2917315e-01	   4.9710614e-01	   5.6503914e-01	
   6.1700000e+02	   2.9311158e-01	   3.6100702e-01	   4.2890246e-01	   4.9679790e-01	   5.6469334e-01	
   6.1800000e+02	   2.9239902e-01	   3.6013305e-01	   4.2786709e-01	   4.9560112e-01	   5.6333516e-01	
   6.1900000e+02	   2.9262006e-01	   3.6040203e-01	   4.2818400e-01	   4.9596597e-01	   5.6374795e-01	
   6.2000000e+02	   2.9251501e-01	   3.6023334e-01	   4.2795167e-01	   4.9567000e-01	   5.6338833e-01	
   6.2100000e+02	   2.9206213e-01	   3.5964555e-01	   4.2722897e-01	   4.9481240e-01	   5.6239582e-01	
   6.2200000e+02	   2.9209298e-01	   3.5968648e-01	   4.2727999e-01	   4.9487349e-01	   5.6246700e-01	
   6.2300000e+02	   2.9191496e-01	   3.5944614e-01	   4.2697733e-01	   4.9450851e-01	   5.6203970e-01	
   6.2400000e+02	   2.9159098e-01	   3.5914233e-01	   4.2669367e-01	   4.9424502e-01	   5.6179636e-01	
   6.2500000e+02	   2.9193234e-01	   3.5943089e-01	   4.2692944e-01	   4.9442799e-01	   5.6192653e-01	
   6.2600000e+02	   2.9154375e-01	   3.5907209e-01	   4.2660043e-01	   4.9412877e-01	   5.6165711e-01	
   6.2700000e+02	   2.9158302e-01	   3.5900017e-01	   4.2641732e-01	   4.9383448e-01	   5.6125163e-01	
   6.2800000e+02	   2.9139567e-01	   3.5872137e-01	   4.2604707e-01	   4.9337277e-01	   5.6069847e-01	
   6.2900000e+02	   2.9114738e-01	   3.5839985e-01	   4.2565233e-01	   4.9290481e-01	   5.6015729e-01	
   6.3000000e+02	   2.9082334e-01	   3.5804155e-01	   4.2525975e-01	   4.9247796e-01	   5.5969617e-01	
   6.3100000e+02	   2.9081680e-01	   3.5798943e-01	   4.2516207e-01	   4.9233470e-01	   5.5950733e-01	
   6.3200000e+02	   2.9095082e-01	   3.5808994e-01	   4.2522906e-01	   4.9236817e-01	   5.5950729e-01	
   6.3300000e+02	   2.9128503e-01	   3.5842571e-01	   4.2556640e-01	   4.9270709e-01	   5.5984777e-01	
   6.3400000e+02	   2.9125354e-01	   3.5839833e-01	   4.2554313e-01	   4.9268793e-01	   5.5983273e-01	
   6.3500000e+02	   2.9052169e-01	   3.5746678e-01	   4.2441186e-01	   4.9135694e-01	   5.5830202e-01	
   6.3600000e+02	   2.8970176e-01	   3.5652744e-01	   4.2335312e-01	   4.9017880e-01	   5.5700449e-01	
   6.3700000e+02	   2.8979320e-01	   3.5682391e-01	   4.2385461e-01	   4.9088531e-01	   5.5791601e-01	
   6.3800000e+02	   2.8832224e-01	   3.5508906e-01	   4.2185587e-01	   4.8862269e-01	   5.5538951e-01	
   6.3900000e+02	   2.8820596e-01	   3.5508316e-01	   4.2196036e-01	   4.8883756e-01	   5.5571476e-01	
   6.4000000e+02	   2.8864100e-01	   3.5555250e-01	   4.2246400e-01	   4.8937550e-01	   5.5628700e-01	
   6.4100000e+02	   2.8724228e-01	   3.5392312e-01	   4.2060396e-01	   4.8728480e-01	   5.5396564e-01	
   6.4200000e+02	   2.8754756e-01	   3.5418841e-01	   4.2082926e-01	   4.8747012e-01	   5.5411097e-01	
   6.4300000e+02	   2.8623328e-01	   3.5274818e-01	   4.1926308e-01	   4.8577797e-01	   5.5229287e-01	
   6.4400000e+02	   2.8486633e-01	   3.5123635e-01	   4.1760637e-01	   4.8397639e-01	   5.5034641e-01	
   6.4500000e+02	   2.8678510e-01	   3.5332168e-01	   4.1985826e-01	   4.8639484e-01	   5.5293142e-01	
   6.4600000e+02	   2.8553501e-01	   3.5178541e-01	   4.1803580e-01	   4.8428620e-01	   5.5053659e-01	
   6.4700000e+02	   2.8549650e-01	   3.5177243e-01	   4.1804837e-01	   4.8432431e-01	   5.5060024e-01	
   6.4800000e+02	   2.8544248e-01	   3.5169210e-01	   4.1794172e-01	   4.8419135e-01	   5.5044097e-01	
   6.4900000e+02	   2.8499929e-01	   3.5121151e-01	   4.1742372e-01	   4.8363593e-01	   5.4984815e-01	
   6.5000000e+02	   2.8467904e-01	   3.5083844e-01	   4.1699783e-01	   4.8315723e-01	   5.4931662e-01	
   6.5100000e+02	   2.8498290e-01	   3.5112277e-01	   4.1726264e-01	   4.8340251e-01	   5.4954238e-01	
   6.5200000e+02	   2.8408856e-01	   3.5013557e-01	   4.1618258e-01	   4.8222959e-01	   5.4827660e-01	
   6.5300000e+02	   2.8474654e-01	   3.5084922e-01	   4.1695190e-01	   4.8305459e-01	   5.4915727e-01	
   6.5400000e+02	   2.8384106e-01	   3.4969551e-01	   4.1554997e-01	   4.8140443e-01	   5.4725888e-01	
   6.5500000e+02	   2.8429247e-01	   3.5029745e-01	   4.1630242e-01	   4.8230740e-01	   5.4831238e-01	
   6.5600000e+02	   2.8436114e-01	   3.5026548e-01	   4.1616982e-01	   4.8207416e-01	   5.4797850e-01	
   6.5700000e+02	   2.8297770e-01	   3.4867634e-01	   4.1437498e-01	   4.8007362e-01	   5.4577227e-01	
   6.5800000e+02	   2.8274192e-01	   3.4847326e-01	   4.1420459e-01	   4.7993592e-01	   5.4566726e-01	
   6.5900000e+02	   2.8297447e-01	   3.4873662e-01	   4.1449877e-01	   4.8026093e-01	   5.4602308e-01	
   6.6000000e+02	   2.8234163e-01	   3.4795369e-01	   4.1356576e-01	   4.7917782e-01	   5.4478989e-01	
   6.6100000e+02	   2.8164194e-01	   3.4716467e-01	   4.1268741e-01	   4.7821014e-01	   5.4373288e-01	
   6.6200000e+02	   2.8222186e-01	   3.4768240e-01	   4.1314293e-01	   4.7860347e-01	   5.4406401e-01	
   6.6300000e+02	   2.8072700e-01	   3.4596480e-01	   4.1120259e-01	   4.7644039e-01	   5.4167818e-01	
   6.6400000e+02	   2.8095459e-01	   3.4632243e-01	   4.1169027e-01	   4.7705810e-01	   5.4242594e-01	
   6.6500000e+02	   2.8034910e-01	   3.4547611e-01	   4.1060312e-01	   4.7573013e-01	   5.4085714e-01	
   6.6600000e+02	   2.8114191e-01	   3.4628317e-01	   4.1142444e-01	   4.7656570e-01	   5.4170696e-01	
   6.6700000e+02	   2.8059523e-01	   3.4574133e-01	   4.1088743e-01	   4.7603352e-01	   5.4117962e-01	
   6.6800000e+02	   2.8025829e-01	   3.4532589e-01	   4.1039350e-01	   4.7546111e-01	   5.4052871e-01	
   6.6900000e+02	   2.8001501e-01	   3.4510409e-01	   4.1019317e-01	   4.7528225e-01	   5.4037133e-01	
   6.7000000e+02	   2.7942114e-01	   3.4440302e-01	   4.0938490e-01	   4.7436678e-01	   5.3934866e-01	
   6.7100000e+02	   2.7885744e-01	   3.4365004e-01	   4.0844264e-01	   4.7323524e-01	   5.3802784e-01	
   6.7200000e+02	   2.8006478e-01	   3.4492337e-01	   4.0978196e-01	   4.7464055e-01	   5.3949914e-01	
   6.7300000e+02	   2.7830125e-01	   3.4295025e-01	   4.0759924e-01	   4.7224823e-01	   5.3689723e-01	
   6.7400000e+02	   2.7862812e-01	   3.4333685e-01	   4.0804558e-01	   4.7275431e-01	   5.3746304e-01	
   6.7500000e+02	   2.7882620e-01	   3.4350764e-01	   4.0818908e-01	   4.7287052e-01	   5.3755195e-01	
   6.7600000e+02	   2.7836831e-01	   3.4302428e-01	   4.0768026e-01	   4.7233623e-01	   5.3699221e-01	
   6.7700000e+02	   2.7706147e-01	   3.4154263e-01	   4.0602379e-01	   4.7050496e-01	   5.3498612e-01	
   6.7800000e+02	   2.7801926e-01	   3.4250494e-01	   4.0699061e-01	   4.7147629e-01	   5.3596196e-01	
   6.7900000e+02	   2.7756323e-01	   3.4196422e-01	   4.0636521e-01	   4.7076621e-01	   5.3516720e-01	
   6.8000000e+02	   2.7638318e-01	   3.4062071e-01	   4.0485824e-01	   4.6909577e-01	   5.3333330e-01	
   6.8100000e+02	   2.7681349e-01	   3.4114333e-01	   4.0547317e-01	   4.6980301e-01	   5.3413285e-01	
   6.8200000e+02	   2.7671943e-01	   3.4097981e-01	   4.0524019e-01	   4.6950057e-01	   5.3376094e-01	
   6.8300000e+02	   2.7602717e-01	   3.4018328e-01	   4.0433939e-01	   4.6849551e-01	   5.3265162e-01	
   6.8400000e+02	   2.7471780e-01	   3.3872040e-01	   4.0272300e-01	   4.6672560e-01	   5.3072819e-01	
   6.8500000e+02	   2.7654074e-01	   3.4064291e-01	   4.0474507e-01	   4.6884724e-01	   5.3294941e-01	
   6.8600000e+02	   2.7553356e-01	   3.3950688e-01	   4.0348019e-01	   4.6745351e-01	   5.3142683e-01	
   6.8700000e+02	   2.7418082e-01	   3.3793858e-01	   4.0169633e-01	   4.6545408e-01	   5.2921184e-01	
   6.8800000e+02	   2.7524964e-01	   3.3911710e-01	   4.0298456e-01	   4.6685202e-01	   5.3071948e-01	
   6.8900000e+02	   2.7492699e-01	   3.3867659e-01	   4.0242620e-01	   4.6617580e-01	   5.2992540e-01	
   6.9000000e+02	   2.7370260e-01	   3.3738655e-01	   4.0107051e-01	   4.6475446e-01	   5.2843841e-01	
   6.9100000e+02	   2.7459252e-01	   3.3830036e-01	   4.0200820e-01	   4.6571604e-01	   5.2942388e-01	
   6.9200000e+02	   2.7420633e-01	   3.3789393e-01	   4.0158153e-01	   4.6526913e-01	   5.2895673e-01	
   6.9300000e+02	   2.7283204e-01	   3.3628777e-01	   3.9974349e-01	   4.6319921e-01	   5.2665493e-01	
   6.9400000e+02	   2.7359775e-01	   3.3705334e-01	   4.0050892e-01	   4.6396451e-01	   5.2742010e-01	
   6.9500000e+02	   2.7404412e-01	   3.3751284e-01	   4.0098156e-01	   4.6445028e-01	   5.2791900e-01	
   6.9600000e+02	   2.7287986e-01	   3.3627780e-01	   3.9967575e-01	   4.6307369e-01	   5.2647163e-01	
   6.9700000e+02	   2.7437425e-01	   3.3778464e-01	   4.0119503e-01	   4.6460542e-01	   5.2801582e-01	
   6.9800000e+02	   2.7229501e-01	   3.3542277e-01	   3.9855052e-01	   4.6167827e-01	   5.2480603e-01	
   6.9900000e+02	   2.7208472e-01	   3.3518364e-01	   3.9828257e-01	   4.6138149e-01	   5.2448042e-01	
   7.0000000e+02	   2.7221150e-01	   3.3523767e-01	   3.9826384e-01	   4.6129001e-01	   5.2431617e-01	
   7.0100000e+02	   2.7208231e-01	   3.3507745e-01	   3.9807259e-01	   4.6106773e-01	   5.2406287e-01	
   7.0200000e+02	   2.7201817e-01	   3.3509200e-01	   3.9816584e-01	   4.6123967e-01	   5.2431350e-01	
   7.0300000e+02	   2.7102323e-01	   3.3392608e-01	   3.9682894e-01	   4.5973179e-01	   5.2263465e-01	
   7.0400000e+02	   2.7204451e-01	   3.3495946e-01	   3.9787440e-01	   4.6078935e-01	   5.2370429e-01	
   7.0500000e+02	   2.7030041e-01	   3.3303847e-01	   3.9577652e-01	   4.5851458e-01	   5.2125263e-01	
   7.0600000e+02	   2.7114394e-01	   3.3380430e-01	   3.9646467e-01	   4.5912503e-01	   5.2178539e-01	
   7.0700000e+02	   2.7053626e-01	   3.3316502e-01	   3.9579377e-01	   4.5842253e-01	   5.2105128e-01	
   7.0800000e+02	   2.7101765e-01	   3.3374280e-01	   3.9646795e-01	   4.5919311e-01	   5.2191826e-01	
   7.0900000e+02	   2.7112403e-01	   3.3378377e-01	   3.9644350e-01	   4.5910324e-01	   5.2176297e-01	
   7.1000000e+02	   2.7050907e-01	   3.3308918e-01	   3.9566929e-01	   4.5824940e-01	   5.2082950e-01	
   7.1100000e+02	   2.6980062e-01	   3.3230669e-01	   3.9481276e-01	   4.5731883e-01	   5.1982490e-01	
   7.1200000e+02	   2.6927814e-01	   3.3160502e-01	   3.9393190e-01	   4.5625878e-01	   5.1858566e-01	
   7.1300000e+02	   2.6912572e-01	   3.3145111e-01	   3.9377650e-01	   4.5610189e-01	   5.1842728e-01	
   7.1400000e+02	   2.6891518e-01	   3.3113884e-01	   3.9336249e-01	   4.5558615e-01	   5.1780981e-01	
   7.1500000e+02	   2.6880593e-01	   3.3092565e-01	   3.9304536e-01	   4.5516507e-01	   5.1728478e-01	
   7.1600000e+02	   2.6875281e-01	   3.3095748e-01	   3.9316215e-01	   4.5536681e-01	   5.1757148e-01	
   7.1700000e+02	   2.6813617e-01	   3.3022012e-01	   3.9230407e-01	   4.5438802e-01	   5.1647197e-01	
   7.1800000e+02	   2.6791138e-01	   3.2990489e-01	   3.9189839e-01	   4.5389190e-01	   5.1588540e-01	
   7.1900000e+02	   2.6797957e-01	   3.2999793e-01	   3.9201628e-01	   4.5403464e-01	   5.1605300e-01	
   7.2000000e+02	   2.6705475e-01	   3.2885099e-01	   3.9064724e-01	   4.5244348e-01	   5.1423972e-01	
   7.2100000e+02	   2.6712554e-01	   3.2899178e-01	   3.9085802e-01	   4.5272426e-01	   5.1459049e-01	
   7.2200000e+02	   2.6763681e-01	   3.2938575e-01	   3.9113468e-01	   4.5288361e-01	   5.1463255e-01	
   7.2300000e+02	   2.6704479e-01	   3.2879336e-01	   3.9054192e-01	   4.5229049e-01	   5.1403906e-01	
   7.2400000e+02	   2.6715959e-01	   3.2887389e-01	   3.9058819e-01	   4.5230250e-01	   5.1401680e-01	
   7.2500000e+02	   2.6681505e-01	   3.2842204e-01	   3.9002903e-01	   4.5163601e-01	   5.1324300e-01	
   7.2600000e+02	   2.6695842e-01	   3.2855549e-01	   3.9015255e-01	   4.5174962e-01	   5.1334668e-01	
   7.2700000e+02	   2.6656598e-01	   3.2802812e-01	   3.8949026e-01	   4.5095240e-01	   5.1241454e-01	
   7.2800000e+02	   2.6695047e-01	   3.2847528e-01	   3.9000008e-01	   4.5152489e-01	   5.1304969e-01	
   7.2900000e+02	   2.6729749e-01	   3.2867188e-01	   3.9004627e-01	   4.5142066e-01	   5.1279504e-01	
   7.3000000e+02	   2.6715412e-01	   3.2846727e-01	   3.8978042e-01	   4.5109357e-01	   5.1240672e-01	
   7.3100000e+02	   2.6781082e-01	   3.2910783e-01	   3.9040484e-01	   4.5170186e-01	   5.1299887e-01	
   7.3200000e+02	   2.6795014e-01	   3.2910381e-01	   3.9025748e-01	   4.5141115e-01	   5.1256482e-01	
   7.3300000e+02	   2.6822915e-01	   3.2943161e-01	   3.9063407e-01	   4.5183652e-01	   5.1303898e-01	
   7.3400000e+02	   2.6922637e-01	   3.3037858e-01	   3.9153079e-01	   4.5268300e-01	   5.1383521e-01	
   7.3500000e+02	   2.6970017e-01	   3.3090863e-01	   3.9211710e-01	   4.5332556e-01	   5.1453403e-01	
   7.3600000e+02	   2.6961029e-01	   3.3053521e-01	   3.9146013e-01	   4.5238504e-01	   5.1330996e-01	
   7.3700000e+02	   2.7082416e-01	   3.3178021e-01	   3.9273626e-01	   4.5369231e-01	   5.1464836e-01	
   7.3800000e+02	   2.7194387e-01	   3.3293202e-01	   3.9392016e-01	   4.5490831e-01	   5.1589645e-01	
   7.3900000e+02	   2.7116904e-01	   3.3188134e-01	   3.9259364e-01	   4.5330593e-01	   5.1401823e-01	
   7.4000000e+02	   2.7232474e-01	   3.3307178e-01	   3.9381882e-01	   4.5456587e-01	   5.1531291e-01	
   7.4100000e+02	   2.7418604e-01	   3.3491101e-01	   3.9563598e-01	   4.5636095e-01	   5.1708592e-01	
   7.4200000e+02	   2.7320053e-01	   3.3372330e-01	   3.9424607e-01	   4.5476884e-01	   5.1529162e-01	
   7.4300000e+02	   2.7376380e-01	   3.3433152e-01	   3.9489924e-01	   4.5546696e-01	   5.1603468e-01	
   7.4400000e+02	   2.7395236e-01	   3.3453511e-01	   3.9511787e-01	   4.5570062e-01	   5.1628337e-01	
   7.4500000e+02	   2.7415581e-01	   3.3464889e-01	   3.9514197e-01	   4.5563505e-01	   5.1612812e-01	
   7.4600000e+02	   2.7286420e-01	   3.3330809e-01	   3.9375198e-01	   4.5419588e-01	   5.1463977e-01	
   7.4700000e+02	   2.6890461e-01	   3.2926185e-01	   3.8961910e-01	   4.4997634e-01	   5.1033359e-01	
   7.4800000e+02	   2.6617508e-01	   3.2652185e-01	   3.8686861e-01	   4.4721537e-01	   5.0756214e-01	
   7.4900000e+02	   2.6294539e-01	   3.2312336e-01	   3.8330132e-01	   4.4347928e-01	   5.0365725e-01	
   7.5000000e+02	   2.6203791e-01	   3.2242221e-01	   3.8280651e-01	   4.4319082e-01	   5.0357512e-01	
   7.5100000e+02	   2.6036995e-01	   3.2046807e-01	   3.8056619e-01	   4.4066431e-01	   5.0076243e-01	
   7.5200000e+02	   2.5983616e-01	   3.1996070e-01	   3.8008524e-01	   4.4020978e-01	   5.0033432e-01	
   7.5300000e+02	   2.6018722e-01	   3.2029930e-01	   3.8041138e-01	   4.4052346e-01	   5.0063554e-01	
   7.5400000e+02	   2.5948518e-01	   3.1953871e-01	   3.7959224e-01	   4.3964577e-01	   4.9969931e-01	
   7.5500000e+02	   2.5914400e-01	   3.1916793e-01	   3.7919186e-01	   4.3921578e-01	   4.9923971e-01	
   7.5600000e+02	   2.5849600e-01	   3.1826254e-01	   3.7802908e-01	   4.3779562e-01	   4.9756217e-01	
   7.5700000e+02	   2.5806363e-01	   3.1789607e-01	   3.7772850e-01	   4.3756093e-01	   4.9739337e-01	
   7.5800000e+02	   2.5767658e-01	   3.1737963e-01	   3.7708268e-01	   4.3678573e-01	   4.9648877e-01	
   7.5900000e+02	   2.5782443e-01	   3.1758253e-01	   3.7734063e-01	   4.3709873e-01	   4.9685683e-01	
   7.6000000e+02	   2.5678907e-01	   3.1644139e-01	   3.7609370e-01	   4.3574601e-01	   4.9539833e-01	
   7.6100000e+02	   2.5728056e-01	   3.1685520e-01	   3.7642984e-01	   4.3600448e-01	   4.9557912e-01	
   7.6200000e+02	   2.5674350e-01	   3.1631800e-01	   3.7589250e-01	   4.3546699e-01	   4.9504149e-01	
   7.6300000e+02	   2.5530301e-01	   3.1458729e-01	   3.7387157e-01	   4.3315584e-01	   4.9244012e-01	
   7.6400000e+02	   2.5637362e-01	   3.1581670e-01	   3.7525977e-01	   4.3470285e-01	   4.9414593e-01	
   7.6500000e+02	   2.5563653e-01	   3.1508691e-01	   3.7453729e-01	   4.3398767e-01	   4.9343805e-01	
   7.6600000e+02	   2.5593065e-01	   3.1534459e-01	   3.7475853e-01	   4.3417247e-01	   4.9358642e-01	
   7.6700000e+02	   2.5507731e-01	   3.1423247e-01	   3.7338763e-01	   4.3254280e-01	   4.9169796e-01	
   7.6800000e+02	   2.5566222e-01	   3.1482251e-01	   3.7398279e-01	   4.3314308e-01	   4.9230337e-01	
   7.6900000e+02	   2.5452335e-01	   3.1345962e-01	   3.7239589e-01	   4.3133216e-01	   4.9026843e-01	
   7.7000000e+02	   2.5479705e-01	   3.1400687e-01	   3.7321668e-01	   4.3242650e-01	   4.9163631e-01	
   7.7100000e+02	   2.5540270e-01	   3.1470252e-01	   3.7400234e-01	   4.3330217e-01	   4.9260199e-01	
   7.7200000e+02	   2.5384336e-01	   3.1270819e-01	   3.7157302e-01	   4.3043784e-01	   4.8930267e-01	
   7.7300000e+02	   2.5397553e-01	   3.1290346e-01	   3.7183139e-01	   4.3075932e-01	   4.8968725e-01	
   7.7400000e+02	   2.5393484e-01	   3.1290619e-01	   3.7187753e-01	   4.3084888e-01	   4.8982023e-01	
   7.7500000e+02	   2.5308944e-01	   3.1192562e-01	   3.7076181e-01	   4.2959799e-01	   4.8843417e-01	
   7.7600000e+02	   2.5305762e-01	   3.1177456e-01	   3.7049149e-01	   4.2920842e-01	   4.8792536e-01	
   7.7700000e+02	   2.5272325e-01	   3.1147280e-01	   3.7022235e-01	   4.2897190e-01	   4.8772145e-01	
   7.7800000e+02	   2.5221703e-01	   3.1078644e-01	   3.6935584e-01	   4.2792525e-01	   4.8649465e-01	
   7.7900000e+02	   2.5250712e-01	   3.1122110e-01	   3.6993508e-01	   4.2864906e-01	   4.8736304e-01	
   7.8000000e+02	   2.5202375e-01	   3.1049869e-01	   3.6897363e-01	   4.2744857e-01	   4.8592350e-01	
   7.8100000e+02	   2.5147759e-01	   3.0981257e-01	   3.6814755e-01	   4.2648252e-01	   4.8481750e-01	
   7.8200000e+02	   2.5340568e-01	   3.1199093e-01	   3.7057618e-01	   4.2916142e-01	   4.8774667e-01	
   7.8300000e+02	   2.5268145e-01	   3.1107988e-01	   3.6947831e-01	   4.2787674e-01	   4.8627517e-01	
   7.8400000e+02	   2.5119079e-01	   3.0949030e-01	   3.6778981e-01	   4.2608932e-01	   4.8438883e-01	
   7.8500000e+02	   2.5203349e-01	   3.1044648e-01	   3.6885947e-01	   4.2727245e-01	   4.8568544e-01	
   7.8600000e+02	   2.5100925e-01	   3.0907833e-01	   3.6714741e-01	   4.2521650e-01	   4.8328558e-01	
   7.8700000e+02	   2.5008941e-01	   3.0810533e-01	   3.6612124e-01	   4.2413715e-01	   4.8215306e-01	
   7.8800000e+02	   2.5110149e-01	   3.0930237e-01	   3.6750324e-01	   4.2570411e-01	   4.8390498e-01	
   7.8900000e+02	   2.4930950e-01	   3.0728486e-01	   3.6526021e-01	   4.2323557e-01	   4.8121092e-01	
   7.9000000e+02	   2.4995665e-01	   3.0805328e-01	   3.6614991e-01	   4.2424654e-01	   4.8234317e-01	
   7.9100000e+02	   2.4987409e-01	   3.0777564e-01	   3.6567718e-01	   4.2357872e-01	   4.8148027e-01	
   7.9200000e+02	   2.4884411e-01	   3.0672628e-01	   3.6460845e-01	   4.2249062e-01	   4.8037280e-01	
   7.9300000e+02	   2.4949118e-01	   3.0734593e-01	   3.6520069e-01	   4.2305544e-01	   4.8091020e-01	
   7.9400000e+02	   2.5008016e-01	   3.0794850e-01	   3.6581685e-01	   4.2368519e-01	   4.8155353e-01	
   7.9500000e+02	   2.4981006e-01	   3.0752382e-01	   3.6523758e-01	   4.2295134e-01	   4.8066510e-01	
   7.9600000e+02	   2.4983404e-01	   3.0740647e-01	   3.6497891e-01	   4.2255134e-01	   4.8012378e-01	
   7.9700000e+02	   2.5116352e-01	   3.0882686e-01	   3.6649020e-01	   4.2415355e-01	   4.8181689e-01	
   7.9800000e+02	   2.5089435e-01	   3.0859727e-01	   3.6630018e-01	   4.2400310e-01	   4.8170601e-01	
   7.9900000e+02	   2.4850488e-01	   3.0601325e-01	   3.6352161e-01	   4.2102997e-01	   4.7853833e-01	
   8.0000000e+02	   2.4822090e-01	   3.0572420e-01	   3.6322750e-01	   4.2073079e-01	   4.7823409e-01	
   8.0100000e+02	   2.4921486e-01	   3.0666274e-01	   3.6411062e-01	   4.2155850e-01	   4.7900638e-01	
   8.0200000e+02	   2.4747233e-01	   3.0475925e-01	   3.6204618e-01	   4.1933310e-01	   4.7662003e-01	
   8.0300000e+02	   2.4877611e-01	   3.0607416e-01	   3.6337221e-01	   4.2067025e-01	   4.7796830e-01	
   8.0400000e+02	   2.4995430e-01	   3.0734518e-01	   3.6473607e-01	   4.2212695e-01	   4.7951784e-01	
   8.0500000e+02	   2.4981823e-01	   3.0696918e-01	   3.6412012e-01	   4.2127107e-01	   4.7842201e-01	
   8.0600000e+02	   2.4982724e-01	   3.0717301e-01	   3.6451877e-01	   4.2186454e-01	   4.7921030e-01	
   8.0700000e+02	   2.5024337e-01	   3.0727419e-01	   3.6430501e-01	   4.2133583e-01	   4.7836665e-01	
   8.0800000e+02	   2.4933881e-01	   3.0628829e-01	   3.6323777e-01	   4.2018725e-01	   4.7713673e-01	
   8.0900000e+02	   2.5051785e-01	   3.0757928e-01	   3.6464070e-01	   4.2170213e-01	   4.7876355e-01	
   8.1000000e+02	   2.4902817e-01	   3.0583032e-01	   3.6263248e-01	   4.1943463e-01	   4.7623678e-01	
   8.1100000e+02	   2.4917178e-01	   3.0621475e-01	   3.6325772e-01	   4.2030068e-01	   4.7734365e-01	
   8.1200000e+02	   2.4987578e-01	   3.0682145e-01	   3.6376711e-01	   4.2071278e-01	   4.7765844e-01	
   8.1300000e+02	   2.4739859e-01	   3.0417047e-01	   3.6094235e-01	   4.1771423e-01	   4.7448611e-01	
   8.1400000e+02	   2.4828010e-01	   3.0485915e-01	   3.6143820e-01	   4.1801726e-01	   4.7459631e-01	
   8.1500000e+02	   2.4851540e-01	   3.0537706e-01	   3.6223872e-01	   4.1910039e-01	   4.7596205e-01	
   8.1600000e+02	   2.4646715e-01	   3.0317730e-01	   3.5988746e-01	   4.1659761e-01	   4.7330776e-01	
   8.1700000e+02	   2.4688099e-01	   3.0343617e-01	   3.5999135e-01	   4.1654653e-01	   4.7310171e-01	
   8.1800000e+02	   2.4609885e-01	   3.0269579e-01	   3.5929272e-01	   4.1588966e-01	   4.7248660e-01	
   8.1900000e+02	   2.4358873e-01	   3.0002514e-01	   3.5646154e-01	   4.1289795e-01	   4.6933435e-01	
   8.2000000e+02	   2.4504565e-01	   3.0157514e-01	   3.5810463e-01	   4.1463412e-01	   4.7116360e-01	
   8.2100000e+02	   2.4521458e-01	   3.0174435e-01	   3.5827411e-01	   4.1480388e-01	   4.7133365e-01	
   8.2200000e+02	   2.4406658e-01	   3.0046961e-01	   3.5687265e-01	   4.1327569e-01	   4.6967873e-01	
   8.2300000e+02	   2.4473094e-01	   3.0118950e-01	   3.5764806e-01	   4.1410662e-01	   4.7056518e-01	
   8.2400000e+02	   2.4403071e-01	   3.0039450e-01	   3.5675829e-01	   4.1312208e-01	   4.6948588e-01	
   8.2500000e+02	   2.4304711e-01	   2.9936504e-01	   3.5568298e-01	   4.1200092e-01	   4.6831885e-01	
   8.2600000e+02	   2.4262536e-01	   2.9883116e-01	   3.5503696e-01	   4.1124276e-01	   4.6744857e-01	
   8.2700000e+02	   2.4264121e-01	   2.9879987e-01	   3.5495853e-01	   4.1111719e-01	   4.6727585e-01	
   8.2800000e+02	   2.4338381e-01	   2.9954950e-01	   3.5571518e-01	   4.1188086e-01	   4.6804655e-01	
   8.2900000e+02	   2.4278997e-01	   2.9885483e-01	   3.5491969e-01	   4.1098454e-01	   4.6704940e-01	
   8.3000000e+02	   2.4181746e-01	   2.9784692e-01	   3.5387639e-01	   4.0990586e-01	   4.6593533e-01	
   8.3100000e+02	   2.4105083e-01	   2.9687189e-01	   3.5269296e-01	   4.0851402e-01	   4.6433508e-01	
   8.3200000e+02	   2.4145626e-01	   2.9718776e-01	   3.5291925e-01	   4.0865075e-01	   4.6438224e-01	
   8.3300000e+02	   2.4222046e-01	   2.9803151e-01	   3.5384256e-01	   4.0965361e-01	   4.6546466e-01	
   8.3400000e+02	   2.4244374e-01	   2.9837930e-01	   3.5431486e-01	   4.1025042e-01	   4.6618598e-01	
   8.3500000e+02	   2.4172152e-01	   2.9747628e-01	   3.5323104e-01	   4.0898580e-01	   4.6474056e-01	
   8.3600000e+02	   2.4084718e-01	   2.9645833e-01	   3.5206948e-01	   4.0768062e-01	   4.6329177e-01	
   8.3700000e+02	   2.4166925e-01	   2.9735046e-01	   3.5303166e-01	   4.0871287e-01	   4.6439407e-01	
   8.3800000e+02	   2.4132543e-01	   2.9694709e-01	   3.5256874e-01	   4.0819040e-01	   4.6381205e-01	
   8.3900000e+02	   2.4106850e-01	   2.9664996e-01	   3.5223142e-01	   4.0781287e-01	   4.6339433e-01	
   8.4000000e+02	   2.4032515e-01	   2.9568451e-01	   3.5104386e-01	   4.0640322e-01	   4.6176258e-01	
   8.4100000e+02	   2.4154521e-01	   2.9698639e-01	   3.5242757e-01	   4.0786875e-01	   4.6330993e-01	
   8.4200000e+02	   2.4220383e-01	   2.9773857e-01	   3.5327331e-01	   4.0880805e-01	   4.6434279e-01	
   8.4300000e+02	   2.4188517e-01	   2.9722370e-01	   3.5256223e-01	   4.0790076e-01	   4.6323928e-01	
   8.4400000e+02	   2.4192799e-01	   2.9718457e-01	   3.5244116e-01	   4.0769774e-01	   4.6295433e-01	
   8.4500000e+02	   2.4284162e-01	   2.9804009e-01	   3.5323857e-01	   4.0843704e-01	   4.6363552e-01	
   8.4600000e+02	   2.4222787e-01	   2.9751215e-01	   3.5279644e-01	   4.0808072e-01	   4.6336501e-01	
   8.4700000e+02	   2.4309170e-01	   2.9840219e-01	   3.5371269e-01	   4.0902319e-01	   4.6433369e-01	
   8.4800000e+02	   2.4138933e-01	   2.9650483e-01	   3.5162034e-01	   4.0673584e-01	   4.6185135e-01	
   8.4900000e+02	   2.4361207e-01	   2.9873224e-01	   3.5385241e-01	   4.0897258e-01	   4.6409275e-01	
   8.5000000e+02	   2.4274158e-01	   2.9791675e-01	   3.5309192e-01	   4.0826709e-01	   4.6344225e-01	
   8.5100000e+02	   2.4444897e-01	   2.9963785e-01	   3.5482673e-01	   4.1001560e-01	   4.6520448e-01	
   8.5200000e+02	   2.4246391e-01	   2.9752277e-01	   3.5258162e-01	   4.0764048e-01	   4.6269934e-01	
   8.5300000e+02	   2.4154132e-01	   2.9641480e-01	   3.5128829e-01	   4.0616177e-01	   4.6103525e-01	
   8.5400000e+02	   2.4277154e-01	   2.9763224e-01	   3.5249294e-01	   4.0735364e-01	   4.6221434e-01	
   8.5500000e+02	   2.4333634e-01	   2.9815551e-01	   3.5297467e-01	   4.0779384e-01	   4.6261301e-01	
   8.5600000e+02	   2.4245658e-01	   2.9713518e-01	   3.5181378e-01	   4.0649238e-01	   4.6117098e-01	
   8.5700000e+02	   2.4119974e-01	   2.9606788e-01	   3.5093603e-01	   4.0580417e-01	   4.6067231e-01	
   8.5800000e+02	   2.4085659e-01	   2.9531011e-01	   3.4976364e-01	   4.0421717e-01	   4.5867069e-01	
   8.5900000e+02	   2.4181517e-01	   2.9650805e-01	   3.5120094e-01	   4.0589383e-01	   4.6058671e-01	
   8.6000000e+02	   2.4061803e-01	   2.9532034e-01	   3.5002265e-01	   4.0472495e-01	   4.5942726e-01	
   8.6100000e+02	   2.4049270e-01	   2.9501371e-01	   3.4953472e-01	   4.0405573e-01	   4.5857675e-01	
   8.6200000e+02	   2.3963455e-01	   2.9425474e-01	   3.4887493e-01	   4.0349511e-01	   4.5811530e-01	
   8.6300000e+02	   2.3921232e-01	   2.9373567e-01	   3.4825903e-01	   4.0278239e-01	   4.5730574e-01	
   8.6400000e+02	   2.3759150e-01	   2.9192262e-01	   3.4625373e-01	   4.0058484e-01	   4.5491595e-01	
   8.6500000e+02	   2.3809067e-01	   2.9229337e-01	   3.4649608e-01	   4.0069878e-01	   4.5490148e-01	
   8.6600000e+02	   2.4045315e-01	   2.9496407e-01	   3.4947500e-01	   4.0398592e-01	   4.5849684e-01	
   8.6700000e+02	   2.4031671e-01	   2.9468532e-01	   3.4905392e-01	   4.0342253e-01	   4.5779113e-01	
   8.6800000e+02	   2.3983599e-01	   2.9408872e-01	   3.4834145e-01	   4.0259418e-01	   4.5684691e-01	
   8.6900000e+02	   2.3856258e-01	   2.9261079e-01	   3.4665900e-01	   4.0070722e-01	   4.5475543e-01	
   8.7000000e+02	   2.4111143e-01	   2.9526602e-01	   3.4942061e-01	   4.0357520e-01	   4.5772979e-01	
   8.7100000e+02	   2.4017774e-01	   2.9414653e-01	   3.4811532e-01	   4.0208410e-01	   4.5605289e-01	
   8.7200000e+02	   2.3902724e-01	   2.9286727e-01	   3.4670731e-01	   4.0054735e-01	   4.5438739e-01	
   8.7300000e+02	   2.4177163e-01	   2.9594342e-01	   3.5011521e-01	   4.0428700e-01	   4.5845879e-01	
   8.7400000e+02	   2.4170657e-01	   2.9574878e-01	   3.4979098e-01	   4.0383318e-01	   4.5787538e-01	
   8.7500000e+02	   2.4265262e-01	   2.9637612e-01	   3.5009962e-01	   4.0382312e-01	   4.5754662e-01	
   8.7600000e+02	   2.4370138e-01	   2.9748157e-01	   3.5126177e-01	   4.0504196e-01	   4.5882215e-01	
   8.7700000e+02	   2.4347499e-01	   2.9711679e-01	   3.5075859e-01	   4.0440038e-01	   4.5804218e-01	
   8.7800000e+02	   2.4840293e-01	   3.0222969e-01	   3.5605645e-01	   4.0988321e-01	   4.6370997e-01	
   8.7900000e+02	   2.4833212e-01	   3.0209409e-01	   3.5585607e-01	   4.0961804e-01	   4.6338001e-01	
   8.8000000e+02	   2.4691444e-01	   3.0057961e-01	   3.5424478e-01	   4.0790995e-01	   4.6157512e-01	
   8.8100000e+02	   2.4655808e-01	   3.0023484e-01	   3.5391160e-01	   4.0758836e-01	   4.6126512e-01	
   8.8200000e+02	   2.4584889e-01	   2.9944970e-01	   3.5305051e-01	   4.0665133e-01	   4.6025214e-01	
   8.8300000e+02	   2.4413114e-01	   2.9768291e-01	   3.5123468e-01	   4.0478644e-01	   4.5833821e-01	
   8.8400000e+02	   2.4314564e-01	   2.9664021e-01	   3.5013478e-01	   4.0362935e-01	   4.5712392e-01	
   8.8500000e+02	   2.4219940e-01	   2.9553272e-01	   3.4886605e-01	   4.0219938e-01	   4.5553270e-01	
   8.8600000e+02	   2.4385502e-01	   2.9735889e-01	   3.5086275e-01	   4.0436662e-01	   4.5787049e-01	
   8.8700000e+02	   2.4357128e-01	   2.9698986e-01	   3.5040844e-01	   4.0382701e-01	   4.5724559e-01	
   8.8800000e+02	   2.4254254e-01	   2.9575716e-01	   3.4897177e-01	   4.0218638e-01	   4.5540099e-01	
   8.8900000e+02	   2.4424580e-01	   2.9744306e-01	   3.5064032e-01	   4.0383758e-01	   4.5703485e-01	
   8.9000000e+02	   2.4584040e-01	   2.9892138e-01	   3.5200236e-01	   4.0508335e-01	   4.5816433e-01	
   8.9100000e+02	   2.4827690e-01	   3.0135850e-01	   3.5444011e-01	   4.0752172e-01	   4.6060333e-01	
   8.9200000e+02	   2.4984215e-01	   3.0287062e-01	   3.5589909e-01	   4.0892756e-01	   4.6195603e-01	
   8.9300000e+02	   2.5372387e-01	   3.0684770e-01	   3.5997153e-01	   4.1309535e-01	   4.6621918e-01	
   8.9400000e+02	   2.5835756e-01	   3.1135889e-01	   3.6436022e-01	   4.1736156e-01	   4.7036289e-01	
   8.9500000e+02	   2.6105970e-01	   3.1392707e-01	   3.6679443e-01	   4.1966180e-01	   4.7252917e-01	
   8.9600000e+02	   2.6541046e-01	   3.1838367e-01	   3.7135688e-01	   4.2433010e-01	   4.7730331e-01	
   8.9700000e+02	   2.7007736e-01	   3.2290643e-01	   3.7573551e-01	   4.2856458e-01	   4.8139365e-01	
   8.9800000e+02	   2.7493618e-01	   3.2778032e-01	   3.8062446e-01	   4.3346861e-01	   4.8631275e-01	
   8.9900000e+02	   2.8072064e-01	   3.3341815e-01	   3.8611566e-01	   4.3881317e-01	   4.9151069e-01	
   9.0000000e+02	   2.8563341e-01	   3.3826732e-01	   3.9090122e-01	   4.4353512e-01	   4.9616903e-01	
   9.0100000e+02	   2.9365577e-01	   3.4634034e-01	   3.9902491e-01	   4.5170949e-01	   5.0439406e-01	
   9.0200000e+02	   3.0190966e-01	   3.5445007e-01	   4.0699048e-01	   4.5953089e-01	   5.1207131e-01	
   9.0300000e+02	   3.1373239e-01	   3.6634652e-01	   4.1896065e-01	   4.7157478e-01	   5.2418892e-01	
   9.0400000e+02	   3.2609137e-01	   3.7880785e-01	   4.3152434e-01	   4.8424083e-01	   5.3695731e-01	
   9.0500000e+02	   3.3923601e-01	   3.9164973e-01	   4.4406344e-01	   4.9647716e-01	   5.4889087e-01	
   9.0600000e+02	   3.5117861e-01	   4.0362990e-01	   4.5608119e-01	   5.0853248e-01	   5.6098378e-01	
   9.0700000e+02	   3.6776238e-01	   4.2032067e-01	   4.7287896e-01	   5.2543725e-01	   5.7799554e-01	
   9.0800000e+02	   3.8357273e-01	   4.3587006e-01	   4.8816739e-01	   5.4046471e-01	   5.9276204e-01	
   9.0900000e+02	   3.9367742e-01	   4.4595933e-01	   4.9824124e-01	   5.5052315e-01	   6.0280506e-01	
   9.1000000e+02	   3.8618095e-01	   4.3843614e-01	   4.9069133e-01	   5.4294652e-01	   5.9520171e-01	
   9.1100000e+02	   3.5818345e-01	   4.1053338e-01	   4.6288331e-01	   5.1523324e-01	   5.6758317e-01	
   9.1200000e+02	   3.2756377e-01	   3.7978139e-01	   4.3199902e-01	   4.8421664e-01	   5.3643427e-01	
   9.1300000e+02	   2.9957373e-01	   3.5189773e-01	   4.0422173e-01	   4.5654573e-01	   5.0886973e-01	
   9.1400000e+02	   2.8200291e-01	   3.3425454e-01	   3.8650616e-01	   4.3875779e-01	   4.9100942e-01	
   9.1500000e+02	   2.7379382e-01	   3.2594005e-01	   3.7808627e-01	   4.3023250e-01	   4.8237872e-01	
   9.1600000e+02	   2.7111283e-01	   3.2333971e-01	   3.7556659e-01	   4.2779347e-01	   4.8002035e-01	
   9.1700000e+02	   2.6784345e-01	   3.1983596e-01	   3.7182847e-01	   4.2382097e-01	   4.7581348e-01	
   9.1800000e+02	   2.6520024e-01	   3.1715065e-01	   3.6910106e-01	   4.2105147e-01	   4.7300188e-01	
   9.1900000e+02	   2.6097941e-01	   3.1291833e-01	   3.6485724e-01	   4.1679616e-01	   4.6873508e-01	
   9.2000000e+02	   2.5558896e-01	   3.0742936e-01	   3.5926976e-01	   4.1111016e-01	   4.6295056e-01	
   9.2100000e+02	   2.4972861e-01	   3.0147781e-01	   3.5322702e-01	   4.0497622e-01	   4.5672543e-01	
   9.2200000e+02	   2.4416763e-01	   2.9599933e-01	   3.4783102e-01	   3.9966272e-01	   4.5149441e-01	
   9.2300000e+02	   2.4035925e-01	   2.9212266e-01	   3.4388606e-01	   3.9564947e-01	   4.4741288e-01	
   9.2400000e+02	   2.3558423e-01	   2.8735324e-01	   3.3912225e-01	   3.9089125e-01	   4.4266026e-01	
   9.2500000e+02	   2.3348111e-01	   2.8513104e-01	   3.3678096e-01	   3.8843089e-01	   4.4008082e-01	
   9.2600000e+02	   2.3036097e-01	   2.8194619e-01	   3.3353141e-01	   3.8511664e-01	   4.3670186e-01	
   9.2700000e+02	   2.2788738e-01	   2.7947818e-01	   3.3106898e-01	   3.8265978e-01	   4.3425058e-01	
   9.2800000e+02	   2.2719728e-01	   2.7874316e-01	   3.3028903e-01	   3.8183491e-01	   4.3338078e-01	
   9.2900000e+02	   2.2572447e-01	   2.7704395e-01	   3.2836344e-01	   3.7968292e-01	   4.3100240e-01	
   9.3000000e+02	   2.2655120e-01	   2.7808382e-01	   3.2961644e-01	   3.8114905e-01	   4.3268167e-01	
   9.3100000e+02	   2.2730136e-01	   2.7883990e-01	   3.3037844e-01	   3.8191699e-01	   4.3345553e-01	
   9.3200000e+02	   2.2451395e-01	   2.7577876e-01	   3.2704357e-01	   3.7830837e-01	   4.2957318e-01	
   9.3300000e+02	   2.2393709e-01	   2.7520475e-01	   3.2647240e-01	   3.7774006e-01	   4.2900772e-01	
   9.3400000e+02	   2.2445740e-01	   2.7582286e-01	   3.2718832e-01	   3.7855378e-01	   4.2991924e-01	
   9.3500000e+02	   2.2424571e-01	   2.7554344e-01	   3.2684116e-01	   3.7813888e-01	   4.2943661e-01	
   9.3600000e+02	   2.2269509e-01	   2.7384179e-01	   3.2498850e-01	   3.7613520e-01	   4.2728190e-01	
   9.3700000e+02	   2.2228364e-01	   2.7335319e-01	   3.2442275e-01	   3.7549231e-01	   4.2656187e-01	
   9.3800000e+02	   2.2349913e-01	   2.7473861e-01	   3.2597810e-01	   3.7721758e-01	   4.2845707e-01	
   9.3900000e+02	   2.2213423e-01	   2.7316776e-01	   3.2420129e-01	   3.7523482e-01	   4.2626836e-01	
   9.4000000e+02	   2.2389647e-01	   2.7494859e-01	   3.2600070e-01	   3.7705282e-01	   4.2810494e-01	
   9.4100000e+02	   2.2291176e-01	   2.7396989e-01	   3.2502801e-01	   3.7608613e-01	   4.2714426e-01	
   9.4200000e+02	   2.2316346e-01	   2.7418980e-01	   3.2521614e-01	   3.7624248e-01	   4.2726882e-01	
   9.4300000e+02	   2.2346990e-01	   2.7445247e-01	   3.2543504e-01	   3.7641761e-01	   4.2740018e-01	
   9.4400000e+02	   2.2038583e-01	   2.7118438e-01	   3.2198293e-01	   3.7278148e-01	   4.2358003e-01	
   9.4500000e+02	   2.2217253e-01	   2.7301023e-01	   3.2384793e-01	   3.7468563e-01	   4.2552333e-01	
   9.4600000e+02	   2.2300138e-01	   2.7394751e-01	   3.2489363e-01	   3.7583975e-01	   4.2678588e-01	
   9.4700000e+02	   2.2039841e-01	   2.7113140e-01	   3.2186440e-01	   3.7259739e-01	   4.2333038e-01	
   9.4800000e+02	   2.2233225e-01	   2.7306919e-01	   3.2380612e-01	   3.7454306e-01	   4.2528000e-01	
   9.4900000e+02	   2.2226496e-01	   2.7293774e-01	   3.2361052e-01	   3.7428330e-01	   4.2495607e-01	
   9.5000000e+02	   2.2181673e-01	   2.7244295e-01	   3.2306917e-01	   3.7369539e-01	   4.2432161e-01	
   9.5100000e+02	   2.2303162e-01	   2.7383427e-01	   3.2463692e-01	   3.7543957e-01	   4.2624223e-01	
   9.5200000e+02	   2.2173962e-01	   2.7234529e-01	   3.2295095e-01	   3.7355662e-01	   4.2416229e-01	
   9.5300000e+02	   2.2058983e-01	   2.7109774e-01	   3.2160566e-01	   3.7211358e-01	   4.2262150e-01	
   9.5400000e+02	   2.2109693e-01	   2.7150697e-01	   3.2191702e-01	   3.7232706e-01	   4.2273711e-01	
   9.5500000e+02	   2.2003385e-01	   2.7043199e-01	   3.2083013e-01	   3.7122827e-01	   4.2162640e-01	
   9.5600000e+02	   2.2199025e-01	   2.7253264e-01	   3.2307503e-01	   3.7361742e-01	   4.2415981e-01	
   9.5700000e+02	   2.2108777e-01	   2.7170184e-01	   3.2231592e-01	   3.7292999e-01	   4.2354406e-01	
   9.5800000e+02	   2.2049966e-01	   2.7079016e-01	   3.2108066e-01	   3.7137116e-01	   4.2166166e-01	
   9.5900000e+02	   2.2031229e-01	   2.7060744e-01	   3.2090259e-01	   3.7119775e-01	   4.2149290e-01	
   9.6000000e+02	   2.1807441e-01	   2.6805983e-01	   3.1804525e-01	   3.6803067e-01	   4.1801609e-01	
   9.6100000e+02	   2.1782896e-01	   2.6802867e-01	   3.1822839e-01	   3.6842810e-01	   4.1862781e-01	
   9.6200000e+02	   2.2012181e-01	   2.7030425e-01	   3.2048670e-01	   3.7066914e-01	   4.2085158e-01	
   9.6300000e+02	   2.1891011e-01	   2.6905913e-01	   3.1920815e-01	   3.6935717e-01	   4.1950619e-01	
   9.6400000e+02	   2.1862573e-01	   2.6863658e-01	   3.1864743e-01	   3.6865828e-01	   4.1866913e-01	
   9.6500000e+02	   2.1727640e-01	   2.6731386e-01	   3.1735131e-01	   3.6738876e-01	   4.1742621e-01	
   9.6600000e+02	   2.1609671e-01	   2.6597174e-01	   3.1584677e-01	   3.6572181e-01	   4.1559684e-01	
   9.6700000e+02	   2.1718359e-01	   2.6718580e-01	   3.1718802e-01	   3.6719023e-01	   4.1719245e-01	
   9.6800000e+02	   2.1669609e-01	   2.6668558e-01	   3.1667507e-01	   3.6666456e-01	   4.1665404e-01	
   9.6900000e+02	   2.1619159e-01	   2.6606290e-01	   3.1593422e-01	   3.6580553e-01	   4.1567684e-01	
   9.7000000e+02	   2.1694637e-01	   2.6672050e-01	   3.1649464e-01	   3.6626877e-01	   4.1604290e-01	
   9.7100000e+02	   2.1684102e-01	   2.6644408e-01	   3.1604715e-01	   3.6565022e-01	   4.1525328e-01	
   9.7200000e+02	   2.1513176e-01	   2.6491825e-01	   3.1470474e-01	   3.6449123e-01	   4.1427773e-01	
   9.7300000e+02	   2.1557078e-01	   2.6516378e-01	   3.1475679e-01	   3.6434979e-01	   4.1394280e-01	
   9.7400000e+02	   2.1681069e-01	   2.6659356e-01	   3.1637642e-01	   3.6615928e-01	   4.1594215e-01	
   9.7500000e+02	   2.1465252e-01	   2.6415245e-01	   3.1365237e-01	   3.6315230e-01	   4.1265222e-01	
   9.7600000e+02	   2.1669865e-01	   2.6618152e-01	   3.1566439e-01	   3.6514727e-01	   4.1463014e-01	
   9.7700000e+02	   2.1571466e-01	   2.6505396e-01	   3.1439327e-01	   3.6373257e-01	   4.1307188e-01	
   9.7800000e+02	   2.1693922e-01	   2.6659612e-01	   3.1625303e-01	   3.6590994e-01	   4.1556685e-01	
   9.7900000e+02	   2.1514974e-01	   2.6438184e-01	   3.1361394e-01	   3.6284605e-01	   4.1207815e-01	
   9.8000000e+02	   2.1589014e-01	   2.6534879e-01	   3.1480743e-01	   3.6426608e-01	   4.1372473e-01	
   9.8100000e+02	   2.1597166e-01	   2.6531297e-01	   3.1465429e-01	   3.6399561e-01	   4.1333693e-01	
   9.8200000e+02	   2.1584170e-01	   2.6522935e-01	   3.1461700e-01	   3.6400465e-01	   4.1339229e-01	
   9.8300000e+02	   2.1630966e-01	   2.6561060e-01	   3.1491155e-01	   3.6421249e-01	   4.1351344e-01	
   9.8400000e+02	   2.1661315e-01	   2.6559628e-01	   3.1457942e-01	   3.6356255e-01	   4.1254569e-01	
   9.8500000e+02	   2.1849021e-01	   2.6785628e-01	   3.1722235e-01	   3.6658842e-01	   4.1595449e-01	
   9.8600000e+02	   2.1593309e-01	   2.6509423e-01	   3.1425536e-01	   3.6341650e-01	   4.1257763e-01	
   9.8700000e+02	   2.2133713e-01	   2.7065810e-01	   3.1997908e-01	   3.6930005e-01	   4.1862103e-01	
   9.8800000e+02	   2.2088561e-01	   2.6984496e-01	   3.1880432e-01	   3.6776367e-01	   4.1672303e-01	
   9.8900000e+02	   2.2386292e-01	   2.7325521e-01	   3.2264750e-01	   3.7203979e-01	   4.2143209e-01	
   9.9000000e+02	   2.2046490e-01	   2.6950668e-01	   3.1854846e-01	   3.6759024e-01	   4.1663202e-01	
   9.9100000e+02	   2.2287810e-01	   2.7190482e-01	   3.2093153e-01	   3.6995824e-01	   4.1898496e-01	
   9.9200000e+02	   2.2591484e-01	   2.7486015e-01	   3.2380546e-01	   3.7275076e-01	   4.2169607e-01	
   9.9300000e+02	   2.2646548e-01	   2.7546763e-01	   3.2446978e-01	   3.7347193e-01	   4.2247409e-01	
   9.9400000e+02	   2.2570719e-01	   2.7456387e-01	   3.2342054e-01	   3.7227721e-01	   4.2113388e-01	
   9.9500000e+02	   2.2653546e-01	   2.7545567e-01	   3.2437588e-01	   3.7329610e-01	   4.2221631e-01	
   9.9600000e+02	   2.2579144e-01	   2.7435625e-01	   3.2292107e-01	   3.7148588e-01	   4.2005069e-01	
   9.9700000e+02	   2.2858339e-01	   2.7730670e-01	   3.2603000e-01	   3.7475331e-01	   4.2347661e-01	
   9.9800000e+02	   2.2935937e-01	   2.7825342e-01	   3.2714746e-01	   3.7604151e-01	   4.2493556e-01	
   9.9900000e+02	   2.3057369e-01	   2.7926390e-01	   3.2795412e-01	   3.7664433e-01	   4.2533455e-01	
   1.0000000e+03	   2.3006610e-01	   2.7873441e-01	   3.2740271e-01	   3.7607102e-01	   4.2473932e-01	
   1.0010000e+03	   2.3267701e-01	   2.8142919e-01	   3.3018138e-01	   3.7893357e-01	   4.2768576e-01	
   1.0020000e+03	   2.3329832e-01	   2.8202272e-01	   3.3074713e-01	   3.7947153e-01	   4.2819594e-01	
   1.0030000e+03	   2.3717976e-01	   2.8604919e-01	   3.3491863e-01	   3.8378806e-01	   4.3265749e-01	
   1.0040000e+03	   2.3324729e-01	   2.8153835e-01	   3.2982942e-01	   3.7812048e-01	   4.2641155e-01	
   1.0050000e+03	   2.3638653e-01	   2.8509239e-01	   3.3379825e-01	   3.8250411e-01	   4.3120997e-01	
   1.0060000e+03	   2.3418742e-01	   2.8248644e-01	   3.3078546e-01	   3.7908448e-01	   4.2738350e-01	
   1.0070000e+03	   2.3512866e-01	   2.8324342e-01	   3.3135818e-01	   3.7947293e-01	   4.2758769e-01	
   1.0080000e+03	   2.3936899e-01	   2.8782029e-01	   3.3627160e-01	   3.8472290e-01	   4.3317421e-01	
   1.0090000e+03	   2.4164230e-01	   2.9012431e-01	   3.3860632e-01	   3.8708833e-01	   4.3557034e-01	
   1.0100000e+03	   2.4131962e-01	   2.8973597e-01	   3.3815231e-01	   3.8656866e-01	   4.3498501e-01	
   1.0110000e+03	   2.4381398e-01	   2.9190670e-01	   3.3999941e-01	   3.8809212e-01	   4.3618483e-01	
   1.0120000e+03	   2.4735351e-01	   2.9552106e-01	   3.4368861e-01	   3.9185617e-01	   4.4002372e-01	
   1.0130000e+03	   2.5294364e-01	   3.0135283e-01	   3.4976203e-01	   3.9817123e-01	   4.4658042e-01	
   1.0140000e+03	   2.5191732e-01	   2.9972926e-01	   3.4754121e-01	   3.9535315e-01	   4.4316510e-01	
   1.0150000e+03	   2.5529138e-01	   3.0313297e-01	   3.5097455e-01	   3.9881614e-01	   4.4665772e-01	
   1.0160000e+03	   2.6119402e-01	   3.0894242e-01	   3.5669083e-01	   4.0443923e-01	   4.5218763e-01	
   1.0170000e+03	   2.6515487e-01	   3.1251575e-01	   3.5987664e-01	   4.0723752e-01	   4.5459840e-01	
   1.0180000e+03	   2.6848228e-01	   3.1618148e-01	   3.6388068e-01	   4.1157988e-01	   4.5927908e-01	
   1.0190000e+03	   2.7000906e-01	   3.1758162e-01	   3.6515418e-01	   4.1272673e-01	   4.6029929e-01	
   1.0200000e+03	   2.6734309e-01	   3.1418590e-01	   3.6102871e-01	   4.0787152e-01	   4.5471433e-01	
   1.0210000e+03	   2.6966254e-01	   3.1736761e-01	   3.6507269e-01	   4.1277777e-01	   4.6048284e-01	
   1.0220000e+03	   2.6995190e-01	   3.1752696e-01	   3.6510202e-01	   4.1267708e-01	   4.6025214e-01	
   1.0230000e+03	   2.6665543e-01	   3.1456008e-01	   3.6246473e-01	   4.1036938e-01	   4.5827403e-01	
   1.0240000e+03	   2.6001830e-01	   3.0755861e-01	   3.5509892e-01	   4.0263922e-01	   4.5017953e-01	
   1.0250000e+03	   2.5074644e-01	   2.9787558e-01	   3.4500473e-01	   3.9213388e-01	   4.3926302e-01	
   1.0260000e+03	   2.5620107e-01	   3.0369446e-01	   3.5118785e-01	   3.9868124e-01	   4.4617463e-01	
   1.0270000e+03	   2.5094062e-01	   2.9819979e-01	   3.4545896e-01	   3.9271813e-01	   4.3997730e-01	
   1.0280000e+03	   2.4804182e-01	   2.9577602e-01	   3.4351021e-01	   3.9124441e-01	   4.3897861e-01	
   1.0290000e+03	   2.4670093e-01	   2.9432385e-01	   3.4194677e-01	   3.8956970e-01	   4.3719262e-01	
   1.0300000e+03	   2.4107876e-01	   2.8844342e-01	   3.3580807e-01	   3.8317273e-01	   4.3053739e-01	
   1.0310000e+03	   2.3711319e-01	   2.8532604e-01	   3.3353889e-01	   3.8175174e-01	   4.2996459e-01	
   1.0320000e+03	   2.3459198e-01	   2.8192039e-01	   3.2924881e-01	   3.7657722e-01	   4.2390564e-01	
   1.0330000e+03	   2.2768128e-01	   2.7465234e-01	   3.2162339e-01	   3.6859444e-01	   4.1556550e-01	
   1.0340000e+03	   2.2298220e-01	   2.6932606e-01	   3.1566992e-01	   3.6201378e-01	   4.0835764e-01	
   1.0350000e+03	   2.2310073e-01	   2.7022532e-01	   3.1734991e-01	   3.6447450e-01	   4.1159909e-01	
   1.0360000e+03	   2.1812506e-01	   2.6494596e-01	   3.1176687e-01	   3.5858778e-01	   4.0540869e-01	
   1.0370000e+03	   2.2047020e-01	   2.6759953e-01	   3.1472886e-01	   3.6185819e-01	   4.0898752e-01	
   1.0380000e+03	   2.1242828e-01	   2.5989498e-01	   3.0736168e-01	   3.5482839e-01	   4.0229509e-01	
   1.0390000e+03	   2.1497918e-01	   2.6186024e-01	   3.0874131e-01	   3.5562237e-01	   4.0250344e-01	
   1.0400000e+03	   2.1755593e-01	   2.6514681e-01	   3.1273770e-01	   3.6032858e-01	   4.0791946e-01	
   1.0410000e+03	   2.1531327e-01	   2.6231469e-01	   3.0931612e-01	   3.5631754e-01	   4.0331896e-01	
   1.0420000e+03	   2.2007869e-01	   2.6709375e-01	   3.1410882e-01	   3.6112388e-01	   4.0813894e-01	
   1.0430000e+03	   2.0903936e-01	   2.5604452e-01	   3.0304967e-01	   3.5005482e-01	   3.9705998e-01	
   1.0440000e+03	   2.1180923e-01	   2.5840288e-01	   3.0499654e-01	   3.5159019e-01	   3.9818384e-01	
   1.0450000e+03	   2.0778924e-01	   2.5441018e-01	   3.0103112e-01	   3.4765205e-01	   3.9427299e-01	
   1.0460000e+03	   2.1727018e-01	   2.6501783e-01	   3.1276547e-01	   3.6051312e-01	   4.0826076e-01	
   1.0470000e+03	   2.0874864e-01	   2.5529421e-01	   3.0183978e-01	   3.4838535e-01	   3.9493092e-01	
   1.0480000e+03	   2.0602031e-01	   2.5279164e-01	   2.9956296e-01	   3.4633429e-01	   3.9310562e-01	
   1.0490000e+03	   2.0398512e-01	   2.4993243e-01	   2.9587973e-01	   3.4182703e-01	   3.8777434e-01	
