   6.0000000e+02	   2.1909886e-01	   2.1909886e-01	   5.0694293e-01	   5.0694293e-01	
   6.0100000e+02	   2.1834285e-01	   2.1834285e-01	   5.0521088e-01	   5.0521088e-01	
   6.0200000e+02	   2.1883367e-01	   2.1883367e-01	   5.0632478e-01	   5.0632478e-01	
   6.0300000e+02	   2.1853975e-01	   2.1853975e-01	   5.0568813e-01	   5.0568813e-01	
   6.0400000e+02	   2.1797824e-01	   2.1797824e-01	   5.0482670e-01	   5.0482670e-01	
   6.0500000e+02	   2.1760385e-01	   2.1760385e-01	   5.0381053e-01	   5.0381053e-01	
   6.0600000e+02	   2.1753110e-01	   2.1753110e-01	   5.0402555e-01	   5.0402555e-01	
   6.0700000e+02	   2.1652119e-01	   2.1652119e-01	   5.0212969e-01	   5.0212969e-01	
   6.0800000e+02	   2.1633925e-01	   2.1633925e-01	   5.0212161e-01	   5.0212161e-01	
   6.0900000e+02	   2.1642386e-01	   2.1642386e-01	   5.0182852e-01	   5.0182852e-01	
   6.1000000e+02	   2.1639790e-01	   2.1639790e-01	   5.0160980e-01	   5.0160980e-01	
   6.1100000e+02	   2.1595750e-01	   2.1595750e-01	   5.0135551e-01	   5.0135551e-01	
   6.1200000e+02	   2.1611513e-01	   2.1611513e-01	   5.0113300e-01	   5.0113300e-01	
   6.1300000e+02	   2.1627091e-01	   2.1627091e-01	   5.0185422e-01	   5.0185422e-01	
   6.1400000e+02	   2.1528106e-01	   2.1528106e-01	   4.9943503e-01	   4.9943503e-01	
   6.1500000e+02	   2.1497780e-01	   2.1497780e-01	   4.9939760e-01	   4.9939760e-01	
   6.1600000e+02	   2.1488778e-01	   2.1488778e-01	   4.9905736e-01	   4.9905736e-01	
   6.1700000e+02	   2.1501962e-01	   2.1501962e-01	   4.9892834e-01	   4.9892834e-01	
   6.1800000e+02	   2.1446197e-01	   2.1446197e-01	   4.9776576e-01	   4.9776576e-01	
   6.1900000e+02	   2.1442057e-01	   2.1442057e-01	   4.9769070e-01	   4.9769070e-01	
   6.2000000e+02	   2.1498513e-01	   2.1498513e-01	   4.9873060e-01	   4.9873060e-01	
   6.2100000e+02	   2.1525252e-01	   2.1525252e-01	   4.9877884e-01	   4.9877884e-01	
   6.2200000e+02	   2.1464564e-01	   2.1464564e-01	   4.9765332e-01	   4.9765332e-01	
   6.2300000e+02	   2.1370623e-01	   2.1370623e-01	   4.9605798e-01	   4.9605798e-01	
   6.2400000e+02	   2.1427526e-01	   2.1427526e-01	   4.9709339e-01	   4.9709339e-01	
   6.2500000e+02	   2.1400061e-01	   2.1400061e-01	   4.9609106e-01	   4.9609106e-01	
   6.2600000e+02	   2.1413830e-01	   2.1413830e-01	   4.9679375e-01	   4.9679375e-01	
   6.2700000e+02	   2.1338831e-01	   2.1338831e-01	   4.9475090e-01	   4.9475090e-01	
   6.2800000e+02	   2.1248354e-01	   2.1248354e-01	   4.9357997e-01	   4.9357997e-01	
   6.2900000e+02	   2.1308955e-01	   2.1308955e-01	   4.9352801e-01	   4.9352801e-01	
   6.3000000e+02	   2.1210874e-01	   2.1210874e-01	   4.9180856e-01	   4.9180856e-01	
   6.3100000e+02	   2.1298226e-01	   2.1298226e-01	   4.9322556e-01	   4.9322556e-01	
   6.3200000e+02	   2.1200515e-01	   2.1200515e-01	   4.9177717e-01	   4.9177717e-01	
   6.3300000e+02	   2.1275492e-01	   2.1275492e-01	   4.9302993e-01	   4.9302993e-01	
   6.3400000e+02	   2.1223910e-01	   2.1223910e-01	   4.9273529e-01	   4.9273529e-01	
   6.3500000e+02	   2.1198025e-01	   2.1198025e-01	   4.9154972e-01	   4.9154972e-01	
   6.3600000e+02	   2.1126001e-01	   2.1126001e-01	   4.9096919e-01	   4.9096919e-01	
   6.3700000e+02	   2.1117477e-01	   2.1117477e-01	   4.9074310e-01	   4.9074310e-01	
   6.3800000e+02	   2.1011118e-01	   2.1011118e-01	   4.8873644e-01	   4.8873644e-01	
   6.3900000e+02	   2.1034279e-01	   2.1034279e-01	   4.8930972e-01	   4.8930972e-01	
   6.4000000e+02	   2.0914898e-01	   2.0914898e-01	   4.8703215e-01	   4.8703215e-01	
   6.4100000e+02	   2.0908908e-01	   2.0908908e-01	   4.8733161e-01	   4.8733161e-01	
   6.4200000e+02	   2.0819218e-01	   2.0819218e-01	   4.8633635e-01	   4.8633635e-01	
   6.4300000e+02	   2.0885491e-01	   2.0885491e-01	   4.8652166e-01	   4.8652166e-01	
   6.4400000e+02	   2.0857060e-01	   2.0857060e-01	   4.8622761e-01	   4.8622761e-01	
   6.4500000e+02	   2.0822175e-01	   2.0822175e-01	   4.8548790e-01	   4.8548790e-01	
   6.4600000e+02	   2.0811666e-01	   2.0811666e-01	   4.8489132e-01	   4.8489132e-01	
   6.4700000e+02	   2.0708344e-01	   2.0708344e-01	   4.8297586e-01	   4.8297586e-01	
   6.4800000e+02	   2.0748430e-01	   2.0748430e-01	   4.8534462e-01	   4.8534462e-01	
   6.4900000e+02	   2.0715584e-01	   2.0715584e-01	   4.8428794e-01	   4.8428794e-01	
   6.5000000e+02	   2.0725983e-01	   2.0725983e-01	   4.8426813e-01	   4.8426813e-01	
   6.5100000e+02	   2.0595208e-01	   2.0595208e-01	   4.8213552e-01	   4.8213552e-01	
   6.5200000e+02	   2.0644172e-01	   2.0644172e-01	   4.8219854e-01	   4.8219854e-01	
   6.5300000e+02	   2.0646590e-01	   2.0646590e-01	   4.8236804e-01	   4.8236804e-01	
   6.5400000e+02	   2.0662423e-01	   2.0662423e-01	   4.8220069e-01	   4.8220069e-01	
   6.5500000e+02	   2.0624452e-01	   2.0624452e-01	   4.8141172e-01	   4.8141172e-01	
   6.5600000e+02	   2.0537573e-01	   2.0537573e-01	   4.7998835e-01	   4.7998835e-01	
   6.5700000e+02	   2.0492160e-01	   2.0492160e-01	   4.7915877e-01	   4.7915877e-01	
   6.5800000e+02	   2.0530851e-01	   2.0530851e-01	   4.7985456e-01	   4.7985456e-01	
   6.5900000e+02	   2.0547233e-01	   2.0547233e-01	   4.7995247e-01	   4.7995247e-01	
   6.6000000e+02	   2.0430908e-01	   2.0430908e-01	   4.7787711e-01	   4.7787711e-01	
   6.6100000e+02	   2.0443948e-01	   2.0443948e-01	   4.7763966e-01	   4.7763966e-01	
   6.6200000e+02	   2.0411804e-01	   2.0411804e-01	   4.7739613e-01	   4.7739613e-01	
   6.6300000e+02	   2.0419607e-01	   2.0419607e-01	   4.7754508e-01	   4.7754508e-01	
   6.6400000e+02	   2.0371091e-01	   2.0371091e-01	   4.7589445e-01	   4.7589445e-01	
   6.6500000e+02	   2.0353992e-01	   2.0353992e-01	   4.7579461e-01	   4.7579461e-01	
   6.6600000e+02	   2.0429036e-01	   2.0429036e-01	   4.7695507e-01	   4.7695507e-01	
   6.6700000e+02	   2.0318852e-01	   2.0318852e-01	   4.7558915e-01	   4.7558915e-01	
   6.6800000e+02	   2.0296029e-01	   2.0296029e-01	   4.7455917e-01	   4.7455917e-01	
   6.6900000e+02	   2.0298669e-01	   2.0298669e-01	   4.7443281e-01	   4.7443281e-01	
   6.7000000e+02	   2.0206520e-01	   2.0206520e-01	   4.7247587e-01	   4.7247587e-01	
   6.7100000e+02	   2.0309302e-01	   2.0309302e-01	   4.7493149e-01	   4.7493149e-01	
   6.7200000e+02	   2.0123125e-01	   2.0123125e-01	   4.7095773e-01	   4.7095773e-01	
   6.7300000e+02	   2.0248558e-01	   2.0248558e-01	   4.7296581e-01	   4.7296581e-01	
   6.7400000e+02	   2.0160466e-01	   2.0160466e-01	   4.7153861e-01	   4.7153861e-01	
   6.7500000e+02	   2.0163269e-01	   2.0163269e-01	   4.7191099e-01	   4.7191099e-01	
   6.7600000e+02	   2.0136916e-01	   2.0136916e-01	   4.7108111e-01	   4.7108111e-01	
   6.7700000e+02	   2.0042101e-01	   2.0042101e-01	   4.6898757e-01	   4.6898757e-01	
   6.7800000e+02	   2.0086156e-01	   2.0086156e-01	   4.6951937e-01	   4.6951937e-01	
   6.7900000e+02	   2.0052987e-01	   2.0052987e-01	   4.6945705e-01	   4.6945705e-01	
   6.8000000e+02	   2.0061065e-01	   2.0061065e-01	   4.6935380e-01	   4.6935380e-01	
   6.8100000e+02	   1.9942334e-01	   1.9942334e-01	   4.6748760e-01	   4.6748760e-01	
   6.8200000e+02	   1.9984497e-01	   1.9984497e-01	   4.6748781e-01	   4.6748781e-01	
   6.8300000e+02	   1.9948390e-01	   1.9948390e-01	   4.6694023e-01	   4.6694023e-01	
   6.8400000e+02	   1.9939313e-01	   1.9939313e-01	   4.6688609e-01	   4.6688609e-01	
   6.8500000e+02	   1.9912613e-01	   1.9912613e-01	   4.6671590e-01	   4.6671590e-01	
   6.8600000e+02	   1.9858635e-01	   1.9858635e-01	   4.6572742e-01	   4.6572742e-01	
   6.8700000e+02	   1.9878791e-01	   1.9878791e-01	   4.6630506e-01	   4.6630506e-01	
   6.8800000e+02	   1.9837560e-01	   1.9837560e-01	   4.6524292e-01	   4.6524292e-01	
   6.8900000e+02	   1.9792705e-01	   1.9792705e-01	   4.6477656e-01	   4.6477656e-01	
   6.9000000e+02	   1.9884632e-01	   1.9884632e-01	   4.6539992e-01	   4.6539992e-01	
   6.9100000e+02	   1.9776776e-01	   1.9776776e-01	   4.6301455e-01	   4.6301455e-01	
   6.9200000e+02	   1.9769548e-01	   1.9769548e-01	   4.6290824e-01	   4.6290824e-01	
   6.9300000e+02	   1.9709665e-01	   1.9709665e-01	   4.6207302e-01	   4.6207302e-01	
   6.9400000e+02	   1.9742008e-01	   1.9742008e-01	   4.6170857e-01	   4.6170857e-01	
   6.9500000e+02	   1.9687435e-01	   1.9687435e-01	   4.6110598e-01	   4.6110598e-01	
   6.9600000e+02	   1.9713912e-01	   1.9713912e-01	   4.6191443e-01	   4.6191443e-01	
   6.9700000e+02	   1.9753322e-01	   1.9753322e-01	   4.6203493e-01	   4.6203493e-01	
   6.9800000e+02	   1.9675064e-01	   1.9675064e-01	   4.6099218e-01	   4.6099218e-01	
   6.9900000e+02	   1.9719649e-01	   1.9719649e-01	   4.6117821e-01	   4.6117821e-01	
   7.0000000e+02	   1.9629845e-01	   1.9629845e-01	   4.5982906e-01	   4.5982906e-01	
   7.0100000e+02	   1.9599494e-01	   1.9599494e-01	   4.5921459e-01	   4.5921459e-01	
   7.0200000e+02	   1.9612065e-01	   1.9612065e-01	   4.5895796e-01	   4.5895796e-01	
   7.0300000e+02	   1.9584007e-01	   1.9584007e-01	   4.5800831e-01	   4.5800831e-01	
   7.0400000e+02	   1.9555598e-01	   1.9555598e-01	   4.5671606e-01	   4.5671606e-01	
   7.0500000e+02	   1.9666669e-01	   1.9666669e-01	   4.5950082e-01	   4.5950082e-01	
   7.0600000e+02	   1.9413781e-01	   1.9413781e-01	   4.5449919e-01	   4.5449919e-01	
   7.0700000e+02	   1.9518755e-01	   1.9518755e-01	   4.5626730e-01	   4.5626730e-01	
   7.0800000e+02	   1.9555670e-01	   1.9555670e-01	   4.5685042e-01	   4.5685042e-01	
   7.0900000e+02	   1.9514814e-01	   1.9514814e-01	   4.5664945e-01	   4.5664945e-01	
   7.1000000e+02	   1.9442839e-01	   1.9442839e-01	   4.5472961e-01	   4.5472961e-01	
   7.1100000e+02	   1.9441128e-01	   1.9441128e-01	   4.5480783e-01	   4.5480783e-01	
   7.1200000e+02	   1.9435346e-01	   1.9435346e-01	   4.5471234e-01	   4.5471234e-01	
   7.1300000e+02	   1.9411181e-01	   1.9411181e-01	   4.5414404e-01	   4.5414404e-01	
   7.1400000e+02	   1.9397310e-01	   1.9397310e-01	   4.5404681e-01	   4.5404681e-01	
   7.1500000e+02	   1.9349629e-01	   1.9349629e-01	   4.5333447e-01	   4.5333447e-01	
   7.1600000e+02	   1.9362936e-01	   1.9362936e-01	   4.5270873e-01	   4.5270873e-01	
   7.1700000e+02	   1.9283426e-01	   1.9283426e-01	   4.5145088e-01	   4.5145088e-01	
   7.1800000e+02	   1.9278762e-01	   1.9278762e-01	   4.5155815e-01	   4.5155815e-01	
   7.1900000e+02	   1.9352491e-01	   1.9352491e-01	   4.5233047e-01	   4.5233047e-01	
   7.2000000e+02	   1.9268518e-01	   1.9268518e-01	   4.5086500e-01	   4.5086500e-01	
   7.2100000e+02	   1.9344067e-01	   1.9344067e-01	   4.5190201e-01	   4.5190201e-01	
   7.2200000e+02	   1.9282522e-01	   1.9282522e-01	   4.5041199e-01	   4.5041199e-01	
   7.2300000e+02	   1.9286606e-01	   1.9286606e-01	   4.5041181e-01	   4.5041181e-01	
   7.2400000e+02	   1.9252914e-01	   1.9252914e-01	   4.4989973e-01	   4.4989973e-01	
   7.2500000e+02	   1.9243173e-01	   1.9243173e-01	   4.4928772e-01	   4.4928772e-01	
   7.2600000e+02	   1.9273466e-01	   1.9273466e-01	   4.4916649e-01	   4.4916649e-01	
   7.2700000e+02	   1.9343201e-01	   1.9343201e-01	   4.5001291e-01	   4.5001291e-01	
   7.2800000e+02	   1.9284211e-01	   1.9284211e-01	   4.4889053e-01	   4.4889053e-01	
   7.2900000e+02	   1.9342865e-01	   1.9342865e-01	   4.4959221e-01	   4.4959221e-01	
   7.3000000e+02	   1.9388605e-01	   1.9388605e-01	   4.4936656e-01	   4.4936656e-01	
   7.3100000e+02	   1.9366222e-01	   1.9366222e-01	   4.4956774e-01	   4.4956774e-01	
   7.3200000e+02	   1.9377367e-01	   1.9377367e-01	   4.4874958e-01	   4.4874958e-01	
   7.3300000e+02	   1.9404994e-01	   1.9404994e-01	   4.4844156e-01	   4.4844156e-01	
   7.3400000e+02	   1.9471781e-01	   1.9471781e-01	   4.4905011e-01	   4.4905011e-01	
   7.3500000e+02	   1.9465197e-01	   1.9465197e-01	   4.4875062e-01	   4.4875062e-01	
   7.3600000e+02	   1.9623668e-01	   1.9623668e-01	   4.5113177e-01	   4.5113177e-01	
   7.3700000e+02	   1.9613768e-01	   1.9613768e-01	   4.4983820e-01	   4.4983820e-01	
   7.3800000e+02	   1.9687670e-01	   1.9687670e-01	   4.5040652e-01	   4.5040652e-01	
   7.3900000e+02	   1.9837338e-01	   1.9837338e-01	   4.5179833e-01	   4.5179833e-01	
   7.4000000e+02	   2.0000828e-01	   2.0000828e-01	   4.5398404e-01	   4.5398404e-01	
   7.4100000e+02	   1.9965976e-01	   1.9965976e-01	   4.5244479e-01	   4.5244479e-01	
   7.4200000e+02	   1.9924258e-01	   1.9924258e-01	   4.5154970e-01	   4.5154970e-01	
   7.4300000e+02	   1.9948333e-01	   1.9948333e-01	   4.5166940e-01	   4.5166940e-01	
   7.4400000e+02	   1.9999783e-01	   1.9999783e-01	   4.5291628e-01	   4.5291628e-01	
   7.4500000e+02	   1.9975862e-01	   1.9975862e-01	   4.5356628e-01	   4.5356628e-01	
   7.4600000e+02	   1.9510654e-01	   1.9510654e-01	   4.4510010e-01	   4.4510010e-01	
   7.4700000e+02	   1.9166821e-01	   1.9166821e-01	   4.4275158e-01	   4.4275158e-01	
   7.4800000e+02	   1.8951919e-01	   1.8951919e-01	   4.4005332e-01	   4.4005332e-01	
   7.4900000e+02	   1.8887910e-01	   1.8887910e-01	   4.3961105e-01	   4.3961105e-01	
   7.5000000e+02	   1.8835791e-01	   1.8835791e-01	   4.4004630e-01	   4.4004630e-01	
   7.5100000e+02	   1.8716708e-01	   1.8716708e-01	   4.3792772e-01	   4.3792772e-01	
   7.5200000e+02	   1.8565713e-01	   1.8565713e-01	   4.3556914e-01	   4.3556914e-01	
   7.5300000e+02	   1.8588103e-01	   1.8588103e-01	   4.3635562e-01	   4.3635562e-01	
   7.5400000e+02	   1.8597772e-01	   1.8597772e-01	   4.3610461e-01	   4.3610461e-01	
   7.5500000e+02	   1.8468026e-01	   1.8468026e-01	   4.3396470e-01	   4.3396470e-01	
   7.5600000e+02	   1.8482490e-01	   1.8482490e-01	   4.3415538e-01	   4.3415538e-01	
   7.5700000e+02	   1.8472830e-01	   1.8472830e-01	   4.3436798e-01	   4.3436798e-01	
   7.5800000e+02	   1.8429401e-01	   1.8429401e-01	   4.3353285e-01	   4.3353285e-01	
   7.5900000e+02	   1.8333448e-01	   1.8333448e-01	   4.3203420e-01	   4.3203420e-01	
   7.6000000e+02	   1.8403438e-01	   1.8403438e-01	   4.3305305e-01	   4.3305305e-01	
   7.6100000e+02	   1.8456451e-01	   1.8456451e-01	   4.3301320e-01	   4.3301320e-01	
   7.6200000e+02	   1.8424688e-01	   1.8424688e-01	   4.3234787e-01	   4.3234787e-01	
   7.6300000e+02	   1.8371400e-01	   1.8371400e-01	   4.3171230e-01	   4.3171230e-01	
   7.6400000e+02	   1.8265474e-01	   1.8265474e-01	   4.3034505e-01	   4.3034505e-01	
   7.6500000e+02	   1.8319381e-01	   1.8319381e-01	   4.3073715e-01	   4.3073715e-01	
   7.6600000e+02	   1.8218314e-01	   1.8218314e-01	   4.2812129e-01	   4.2812129e-01	
   7.6700000e+02	   1.8266395e-01	   1.8266395e-01	   4.2952146e-01	   4.2952146e-01	
   7.6800000e+02	   1.8174936e-01	   1.8174936e-01	   4.2771418e-01	   4.2771418e-01	
   7.6900000e+02	   1.8239676e-01	   1.8239676e-01	   4.2869958e-01	   4.2869958e-01	
   7.7000000e+02	   1.8171134e-01	   1.8171134e-01	   4.2714410e-01	   4.2714410e-01	
   7.7100000e+02	   1.8261855e-01	   1.8261855e-01	   4.2903466e-01	   4.2903466e-01	
   7.7200000e+02	   1.8051288e-01	   1.8051288e-01	   4.2601352e-01	   4.2601352e-01	
   7.7300000e+02	   1.8048965e-01	   1.8048965e-01	   4.2516226e-01	   4.2516226e-01	
   7.7400000e+02	   1.8125505e-01	   1.8125505e-01	   4.2590332e-01	   4.2590332e-01	
   7.7500000e+02	   1.8139550e-01	   1.8139550e-01	   4.2753155e-01	   4.2753155e-01	
   7.7600000e+02	   1.8114206e-01	   1.8114206e-01	   4.2691827e-01	   4.2691827e-01	
   7.7700000e+02	   1.8063134e-01	   1.8063134e-01	   4.2554319e-01	   4.2554319e-01	
   7.7800000e+02	   1.7861489e-01	   1.7861489e-01	   4.2189951e-01	   4.2189951e-01	
   7.7900000e+02	   1.7958802e-01	   1.7958802e-01	   4.2283298e-01	   4.2283298e-01	
   7.8000000e+02	   1.7960922e-01	   1.7960922e-01	   4.2292940e-01	   4.2292940e-01	
   7.8100000e+02	   1.7920286e-01	   1.7920286e-01	   4.2152756e-01	   4.2152756e-01	
   7.8200000e+02	   1.7937350e-01	   1.7937350e-01	   4.2184769e-01	   4.2184769e-01	
   7.8300000e+02	   1.8080878e-01	   1.8080878e-01	   4.2472441e-01	   4.2472441e-01	
   7.8400000e+02	   1.7917790e-01	   1.7917790e-01	   4.2145532e-01	   4.2145532e-01	
   7.8500000e+02	   1.8068131e-01	   1.8068131e-01	   4.2367425e-01	   4.2367425e-01	
   7.8600000e+02	   1.7905045e-01	   1.7905045e-01	   4.2090670e-01	   4.2090670e-01	
   7.8700000e+02	   1.7899553e-01	   1.7899553e-01	   4.2143194e-01	   4.2143194e-01	
   7.8800000e+02	   1.7960181e-01	   1.7960181e-01	   4.2159976e-01	   4.2159976e-01	
   7.8900000e+02	   1.7852594e-01	   1.7852594e-01	   4.1883588e-01	   4.1883588e-01	
   7.9000000e+02	   1.7854972e-01	   1.7854972e-01	   4.2046819e-01	   4.2046819e-01	
   7.9100000e+02	   1.7766425e-01	   1.7766425e-01	   4.1808622e-01	   4.1808622e-01	
   7.9200000e+02	   1.8026942e-01	   1.8026942e-01	   4.2313254e-01	   4.2313254e-01	
   7.9300000e+02	   1.7866079e-01	   1.7866079e-01	   4.1895393e-01	   4.1895393e-01	
   7.9400000e+02	   1.7797147e-01	   1.7797147e-01	   4.1711868e-01	   4.1711868e-01	
   7.9500000e+02	   1.7814563e-01	   1.7814563e-01	   4.1845628e-01	   4.1845628e-01	
   7.9600000e+02	   1.7695121e-01	   1.7695121e-01	   4.1682748e-01	   4.1682748e-01	
   7.9700000e+02	   1.7638827e-01	   1.7638827e-01	   4.1541007e-01	   4.1541007e-01	
   7.9800000e+02	   1.7727139e-01	   1.7727139e-01	   4.1713291e-01	   4.1713291e-01	
   7.9900000e+02	   1.7938054e-01	   1.7938054e-01	   4.1981856e-01	   4.1981856e-01	
   8.0000000e+02	   1.7703947e-01	   1.7703947e-01	   4.1557289e-01	   4.1557289e-01	
   8.0100000e+02	   1.7798009e-01	   1.7798009e-01	   4.1586249e-01	   4.1586249e-01	
   8.0200000e+02	   1.7644692e-01	   1.7644692e-01	   4.1316229e-01	   4.1316229e-01	
   8.0300000e+02	   1.7866726e-01	   1.7866726e-01	   4.1783810e-01	   4.1783810e-01	
   8.0400000e+02	   1.7916559e-01	   1.7916559e-01	   4.1891585e-01	   4.1891585e-01	
   8.0500000e+02	   1.7867552e-01	   1.7867552e-01	   4.1792741e-01	   4.1792741e-01	
   8.0600000e+02	   1.7861795e-01	   1.7861795e-01	   4.1667375e-01	   4.1667375e-01	
   8.0700000e+02	   1.7746333e-01	   1.7746333e-01	   4.1386298e-01	   4.1386298e-01	
   8.0800000e+02	   1.7637009e-01	   1.7637009e-01	   4.1253168e-01	   4.1253168e-01	
   8.0900000e+02	   1.8018543e-01	   1.8018543e-01	   4.1867516e-01	   4.1867516e-01	
   8.1000000e+02	   1.7666494e-01	   1.7666494e-01	   4.1098325e-01	   4.1098325e-01	
   8.1100000e+02	   1.7651446e-01	   1.7651446e-01	   4.1265836e-01	   4.1265836e-01	
   8.1200000e+02	   1.7606557e-01	   1.7606557e-01	   4.1256081e-01	   4.1256081e-01	
   8.1300000e+02	   1.7755200e-01	   1.7755200e-01	   4.1382850e-01	   4.1382850e-01	
   8.1400000e+02	   1.7560595e-01	   1.7560595e-01	   4.1102269e-01	   4.1102269e-01	
   8.1500000e+02	   1.7733676e-01	   1.7733676e-01	   4.1355690e-01	   4.1355690e-01	
   8.1600000e+02	   1.7588019e-01	   1.7588019e-01	   4.1207747e-01	   4.1207747e-01	
   8.1700000e+02	   1.7574757e-01	   1.7574757e-01	   4.1262728e-01	   4.1262728e-01	
   8.1800000e+02	   1.7347618e-01	   1.7347618e-01	   4.0797331e-01	   4.0797331e-01	
   8.1900000e+02	   1.7336703e-01	   1.7336703e-01	   4.0820850e-01	   4.0820850e-01	
   8.2000000e+02	   1.7529702e-01	   1.7529702e-01	   4.1127893e-01	   4.1127893e-01	
   8.2100000e+02	   1.7365482e-01	   1.7365482e-01	   4.0931469e-01	   4.0931469e-01	
   8.2200000e+02	   1.7322694e-01	   1.7322694e-01	   4.0767858e-01	   4.0767858e-01	
   8.2300000e+02	   1.7266067e-01	   1.7266067e-01	   4.0664069e-01	   4.0664069e-01	
   8.2400000e+02	   1.7247750e-01	   1.7247750e-01	   4.0532998e-01	   4.0532998e-01	
   8.2500000e+02	   1.7263838e-01	   1.7263838e-01	   4.0590541e-01	   4.0590541e-01	
   8.2600000e+02	   1.7142487e-01	   1.7142487e-01	   4.0468027e-01	   4.0468027e-01	
   8.2700000e+02	   1.7214725e-01	   1.7214725e-01	   4.0537727e-01	   4.0537727e-01	
   8.2800000e+02	   1.7193755e-01	   1.7193755e-01	   4.0514241e-01	   4.0514241e-01	
   8.2900000e+02	   1.7233985e-01	   1.7233985e-01	   4.0492214e-01	   4.0492214e-01	
   8.3000000e+02	   1.7100489e-01	   1.7100489e-01	   4.0277314e-01	   4.0277314e-01	
   8.3100000e+02	   1.7077409e-01	   1.7077409e-01	   4.0287981e-01	   4.0287981e-01	
   8.3200000e+02	   1.7051329e-01	   1.7051329e-01	   4.0204641e-01	   4.0204641e-01	
   8.3300000e+02	   1.7085557e-01	   1.7085557e-01	   4.0258352e-01	   4.0258352e-01	
   8.3400000e+02	   1.7139177e-01	   1.7139177e-01	   4.0276766e-01	   4.0276766e-01	
   8.3500000e+02	   1.7100980e-01	   1.7100980e-01	   4.0213606e-01	   4.0213606e-01	
   8.3600000e+02	   1.7115552e-01	   1.7115552e-01	   4.0141512e-01	   4.0141512e-01	
   8.3700000e+02	   1.6941590e-01	   1.6941590e-01	   3.9858174e-01	   3.9858174e-01	
   8.3800000e+02	   1.7157400e-01	   1.7157400e-01	   4.0275400e-01	   4.0275400e-01	
   8.3900000e+02	   1.7165293e-01	   1.7165293e-01	   4.0365866e-01	   4.0365866e-01	
   8.4000000e+02	   1.7183977e-01	   1.7183977e-01	   4.0132830e-01	   4.0132830e-01	
   8.4100000e+02	   1.7204440e-01	   1.7204440e-01	   4.0259728e-01	   4.0259728e-01	
   8.4200000e+02	   1.7138063e-01	   1.7138063e-01	   4.0094625e-01	   4.0094625e-01	
   8.4300000e+02	   1.7345115e-01	   1.7345115e-01	   4.0430467e-01	   4.0430467e-01	
   8.4400000e+02	   1.7034867e-01	   1.7034867e-01	   3.9797426e-01	   3.9797426e-01	
   8.4500000e+02	   1.7189706e-01	   1.7189706e-01	   3.9944604e-01	   3.9944604e-01	
   8.4600000e+02	   1.7385155e-01	   1.7385155e-01	   4.0408231e-01	   4.0408231e-01	
   8.4700000e+02	   1.7195884e-01	   1.7195884e-01	   3.9999170e-01	   3.9999170e-01	
   8.4800000e+02	   1.7144478e-01	   1.7144478e-01	   3.9916850e-01	   3.9916850e-01	
   8.4900000e+02	   1.7315422e-01	   1.7315422e-01	   4.0175768e-01	   4.0175768e-01	
   8.5000000e+02	   1.7280469e-01	   1.7280469e-01	   4.0049120e-01	   4.0049120e-01	
   8.5100000e+02	   1.7397619e-01	   1.7397619e-01	   4.0212030e-01	   4.0212030e-01	
   8.5200000e+02	   1.7330356e-01	   1.7330356e-01	   4.0086517e-01	   4.0086517e-01	
   8.5300000e+02	   1.7503004e-01	   1.7503004e-01	   4.0269772e-01	   4.0269772e-01	
   8.5400000e+02	   1.7513888e-01	   1.7513888e-01	   4.0441010e-01	   4.0441010e-01	
   8.5500000e+02	   1.7377106e-01	   1.7377106e-01	   4.0141985e-01	   4.0141985e-01	
   8.5600000e+02	   1.7409638e-01	   1.7409638e-01	   4.0195333e-01	   4.0195333e-01	
   8.5700000e+02	   1.7170341e-01	   1.7170341e-01	   3.9765365e-01	   3.9765365e-01	
   8.5800000e+02	   1.7038478e-01	   1.7038478e-01	   3.9576561e-01	   3.9576561e-01	
   8.5900000e+02	   1.7026538e-01	   1.7026538e-01	   3.9370252e-01	   3.9370252e-01	
   8.6000000e+02	   1.6869921e-01	   1.6869921e-01	   3.9308592e-01	   3.9308592e-01	
   8.6100000e+02	   1.7113000e-01	   1.7113000e-01	   3.9808113e-01	   3.9808113e-01	
   8.6200000e+02	   1.6855416e-01	   1.6855416e-01	   3.9192078e-01	   3.9192078e-01	
   8.6300000e+02	   1.7047894e-01	   1.7047894e-01	   3.9504448e-01	   3.9504448e-01	
   8.6400000e+02	   1.6975216e-01	   1.6975216e-01	   3.9392895e-01	   3.9392895e-01	
   8.6500000e+02	   1.7067219e-01	   1.7067219e-01	   3.9650397e-01	   3.9650397e-01	
   8.6600000e+02	   1.6936057e-01	   1.6936057e-01	   3.9316486e-01	   3.9316486e-01	
   8.6700000e+02	   1.6935584e-01	   1.6935584e-01	   3.9309035e-01	   3.9309035e-01	
   8.6800000e+02	   1.6906454e-01	   1.6906454e-01	   3.9220419e-01	   3.9220419e-01	
   8.6900000e+02	   1.7031425e-01	   1.7031425e-01	   3.9402133e-01	   3.9402133e-01	
   8.7000000e+02	   1.6731444e-01	   1.6731444e-01	   3.8758559e-01	   3.8758559e-01	
   8.7100000e+02	   1.7149071e-01	   1.7149071e-01	   3.9363496e-01	   3.9363496e-01	
   8.7200000e+02	   1.7273731e-01	   1.7273731e-01	   3.9653051e-01	   3.9653051e-01	
   8.7300000e+02	   1.7373438e-01	   1.7373438e-01	   3.9810527e-01	   3.9810527e-01	
   8.7400000e+02	   1.7198420e-01	   1.7198420e-01	   3.9282936e-01	   3.9282936e-01	
   8.7500000e+02	   1.7508730e-01	   1.7508730e-01	   3.9738008e-01	   3.9738008e-01	
   8.7600000e+02	   1.7714664e-01	   1.7714664e-01	   3.9982880e-01	   3.9982880e-01	
   8.7700000e+02	   1.7760828e-01	   1.7760828e-01	   3.9944990e-01	   3.9944990e-01	
   8.7800000e+02	   1.7978325e-01	   1.7978325e-01	   4.0134296e-01	   4.0134296e-01	
   8.7900000e+02	   1.7997925e-01	   1.7997925e-01	   4.0216291e-01	   4.0216291e-01	
   8.8000000e+02	   1.7848507e-01	   1.7848507e-01	   3.9900220e-01	   3.9900220e-01	
   8.8100000e+02	   1.7837266e-01	   1.7837266e-01	   3.9975265e-01	   3.9975265e-01	
   8.8200000e+02	   1.7790080e-01	   1.7790080e-01	   3.9917790e-01	   3.9917790e-01	
   8.8300000e+02	   1.7736495e-01	   1.7736495e-01	   3.9707893e-01	   3.9707893e-01	
   8.8400000e+02	   1.7661049e-01	   1.7661049e-01	   3.9637751e-01	   3.9637751e-01	
   8.8500000e+02	   1.7755854e-01	   1.7755854e-01	   3.9712116e-01	   3.9712116e-01	
   8.8600000e+02	   1.7795943e-01	   1.7795943e-01	   3.9711356e-01	   3.9711356e-01	
   8.8700000e+02	   1.7984478e-01	   1.7984478e-01	   3.9880809e-01	   3.9880809e-01	
   8.8800000e+02	   1.8065998e-01	   1.8065998e-01	   3.9894288e-01	   3.9894288e-01	
   8.8900000e+02	   1.8342424e-01	   1.8342424e-01	   4.0170667e-01	   4.0170667e-01	
   8.9000000e+02	   1.8627624e-01	   1.8627624e-01	   4.0588624e-01	   4.0588624e-01	
   8.9100000e+02	   1.8719045e-01	   1.8719045e-01	   4.0515588e-01	   4.0515588e-01	
   8.9200000e+02	   1.9289458e-01	   1.9289458e-01	   4.1170382e-01	   4.1170382e-01	
   8.9300000e+02	   1.9548151e-01	   1.9548151e-01	   4.1495745e-01	   4.1495745e-01	
   8.9400000e+02	   1.9894686e-01	   1.9894686e-01	   4.1711457e-01	   4.1711457e-01	
   8.9500000e+02	   2.0148612e-01	   2.0148612e-01	   4.1936951e-01	   4.1936951e-01	
   8.9600000e+02	   2.0460734e-01	   2.0460734e-01	   4.2119966e-01	   4.2119966e-01	
   8.9700000e+02	   2.0820015e-01	   2.0820015e-01	   4.2478215e-01	   4.2478215e-01	
   8.9800000e+02	   2.1466051e-01	   2.1466051e-01	   4.3287943e-01	   4.3287943e-01	
   8.9900000e+02	   2.2001587e-01	   2.2001587e-01	   4.3755117e-01	   4.3755117e-01	
   9.0000000e+02	   2.2553070e-01	   2.2553070e-01	   4.4280225e-01	   4.4280225e-01	
   9.0100000e+02	   2.3400303e-01	   2.3400303e-01	   4.5186595e-01	   4.5186595e-01	
   9.0200000e+02	   2.4241676e-01	   2.4241676e-01	   4.5841459e-01	   4.5841459e-01	
   9.0300000e+02	   2.5537197e-01	   2.5537197e-01	   4.7255268e-01	   4.7255268e-01	
   9.0400000e+02	   2.6628794e-01	   2.6628794e-01	   4.8342771e-01	   4.8342771e-01	
   9.0500000e+02	   2.7727990e-01	   2.7727990e-01	   4.9387308e-01	   4.9387308e-01	
   9.0600000e+02	   2.8950162e-01	   2.8950162e-01	   5.0538523e-01	   5.0538523e-01	
   9.0700000e+02	   3.0434293e-01	   3.0434293e-01	   5.2266392e-01	   5.2266392e-01	
   9.0800000e+02	   3.1293982e-01	   3.1293982e-01	   5.3072495e-01	   5.3072495e-01	
   9.0900000e+02	   3.0943275e-01	   3.0943275e-01	   5.2654544e-01	   5.2654544e-01	
   9.1000000e+02	   2.8777629e-01	   2.8777629e-01	   5.0347583e-01	   5.0347583e-01	
   9.1100000e+02	   2.6249503e-01	   2.6249503e-01	   4.7696393e-01	   4.7696393e-01	
   9.1200000e+02	   2.4221894e-01	   2.4221894e-01	   4.5817241e-01	   4.5817241e-01	
   9.1300000e+02	   2.2377408e-01	   2.2377408e-01	   4.3908278e-01	   4.3908278e-01	
   9.1400000e+02	   2.1129368e-01	   2.1129368e-01	   4.2491346e-01	   4.2491346e-01	
   9.1500000e+02	   2.0440240e-01	   2.0440240e-01	   4.1864133e-01	   4.1864133e-01	
   9.1600000e+02	   2.0057070e-01	   2.0057070e-01	   4.1483903e-01	   4.1483903e-01	
   9.1700000e+02	   1.9819323e-01	   1.9819323e-01	   4.1223525e-01	   4.1223525e-01	
   9.1800000e+02	   1.9434500e-01	   1.9434500e-01	   4.0793586e-01	   4.0793586e-01	
   9.1900000e+02	   1.8950664e-01	   1.8950664e-01	   4.0461447e-01	   4.0461447e-01	
   9.2000000e+02	   1.8396138e-01	   1.8396138e-01	   3.9777488e-01	   3.9777488e-01	
   9.2100000e+02	   1.8011522e-01	   1.8011522e-01	   3.9386498e-01	   3.9386498e-01	
   9.2200000e+02	   1.7432693e-01	   1.7432693e-01	   3.8670287e-01	   3.8670287e-01	
   9.2300000e+02	   1.6962739e-01	   1.6962739e-01	   3.8226785e-01	   3.8226785e-01	
   9.2400000e+02	   1.6672039e-01	   1.6672039e-01	   3.7959638e-01	   3.7959638e-01	
   9.2500000e+02	   1.6553567e-01	   1.6553567e-01	   3.7883732e-01	   3.7883732e-01	
   9.2600000e+02	   1.6373367e-01	   1.6373367e-01	   3.7701335e-01	   3.7701335e-01	
   9.2700000e+02	   1.6122098e-01	   1.6122098e-01	   3.7246003e-01	   3.7246003e-01	
   9.2800000e+02	   1.6136383e-01	   1.6136383e-01	   3.7337862e-01	   3.7337862e-01	
   9.2900000e+02	   1.5948258e-01	   1.5948258e-01	   3.7071183e-01	   3.7071183e-01	
   9.3000000e+02	   1.5990775e-01	   1.5990775e-01	   3.7186327e-01	   3.7186327e-01	
   9.3100000e+02	   1.5999929e-01	   1.5999929e-01	   3.7159363e-01	   3.7159363e-01	
   9.3200000e+02	   1.5942506e-01	   1.5942506e-01	   3.7167606e-01	   3.7167606e-01	
   9.3300000e+02	   1.6008372e-01	   1.6008372e-01	   3.7151344e-01	   3.7151344e-01	
   9.3400000e+02	   1.6024337e-01	   1.6024337e-01	   3.7287524e-01	   3.7287524e-01	
   9.3500000e+02	   1.5773873e-01	   1.5773873e-01	   3.6778677e-01	   3.6778677e-01	
   9.3600000e+02	   1.5809303e-01	   1.5809303e-01	   3.6912079e-01	   3.6912079e-01	
   9.3700000e+02	   1.5868180e-01	   1.5868180e-01	   3.7012380e-01	   3.7012380e-01	
   9.3800000e+02	   1.5786870e-01	   1.5786870e-01	   3.6856670e-01	   3.6856670e-01	
   9.3900000e+02	   1.5743540e-01	   1.5743540e-01	   3.6819563e-01	   3.6819563e-01	
   9.4000000e+02	   1.5715560e-01	   1.5715560e-01	   3.6607697e-01	   3.6607697e-01	
   9.4100000e+02	   1.5818552e-01	   1.5818552e-01	   3.6769351e-01	   3.6769351e-01	
   9.4200000e+02	   1.5713196e-01	   1.5713196e-01	   3.6569380e-01	   3.6569380e-01	
   9.4300000e+02	   1.5875294e-01	   1.5875294e-01	   3.6939789e-01	   3.6939789e-01	
   9.4400000e+02	   1.5739700e-01	   1.5739700e-01	   3.6598503e-01	   3.6598503e-01	
   9.4500000e+02	   1.5818265e-01	   1.5818265e-01	   3.6639160e-01	   3.6639160e-01	
   9.4600000e+02	   1.5824486e-01	   1.5824486e-01	   3.6692819e-01	   3.6692819e-01	
   9.4700000e+02	   1.5741089e-01	   1.5741089e-01	   3.6558645e-01	   3.6558645e-01	
   9.4800000e+02	   1.5709024e-01	   1.5709024e-01	   3.6520699e-01	   3.6520699e-01	
   9.4900000e+02	   1.5796744e-01	   1.5796744e-01	   3.6529416e-01	   3.6529416e-01	
   9.5000000e+02	   1.5773420e-01	   1.5773420e-01	   3.6521289e-01	   3.6521289e-01	
   9.5100000e+02	   1.5739995e-01	   1.5739995e-01	   3.6493510e-01	   3.6493510e-01	
   9.5200000e+02	   1.5822398e-01	   1.5822398e-01	   3.6636885e-01	   3.6636885e-01	
   9.5300000e+02	   1.5755445e-01	   1.5755445e-01	   3.6317960e-01	   3.6317960e-01	
   9.5400000e+02	   1.5736871e-01	   1.5736871e-01	   3.6477671e-01	   3.6477671e-01	
   9.5500000e+02	   1.5760794e-01	   1.5760794e-01	   3.6491324e-01	   3.6491324e-01	
   9.5600000e+02	   1.5639389e-01	   1.5639389e-01	   3.6343619e-01	   3.6343619e-01	
   9.5700000e+02	   1.5761061e-01	   1.5761061e-01	   3.6460956e-01	   3.6460956e-01	
   9.5800000e+02	   1.5634311e-01	   1.5634311e-01	   3.6253958e-01	   3.6253958e-01	
   9.5900000e+02	   1.5671559e-01	   1.5671559e-01	   3.6378576e-01	   3.6378576e-01	
   9.6000000e+02	   1.5602676e-01	   1.5602676e-01	   3.6086215e-01	   3.6086215e-01	
   9.6100000e+02	   1.5535081e-01	   1.5535081e-01	   3.6044322e-01	   3.6044322e-01	
   9.6200000e+02	   1.5614902e-01	   1.5614902e-01	   3.6228394e-01	   3.6228394e-01	
   9.6300000e+02	   1.5696669e-01	   1.5696669e-01	   3.6216695e-01	   3.6216695e-01	
   9.6400000e+02	   1.5674509e-01	   1.5674509e-01	   3.6403934e-01	   3.6403934e-01	
   9.6500000e+02	   1.5508519e-01	   1.5508519e-01	   3.6007912e-01	   3.6007912e-01	
   9.6600000e+02	   1.5497593e-01	   1.5497593e-01	   3.6024199e-01	   3.6024199e-01	
   9.6700000e+02	   1.5409765e-01	   1.5409765e-01	   3.5878248e-01	   3.5878248e-01	
   9.6800000e+02	   1.5296552e-01	   1.5296552e-01	   3.5676802e-01	   3.5676802e-01	
   9.6900000e+02	   1.5211925e-01	   1.5211925e-01	   3.5434467e-01	   3.5434467e-01	
   9.7000000e+02	   1.5348033e-01	   1.5348033e-01	   3.5716681e-01	   3.5716681e-01	
   9.7100000e+02	   1.5205282e-01	   1.5205282e-01	   3.5340857e-01	   3.5340857e-01	
   9.7200000e+02	   1.5454041e-01	   1.5454041e-01	   3.5862582e-01	   3.5862582e-01	
   9.7300000e+02	   1.5422443e-01	   1.5422443e-01	   3.5767236e-01	   3.5767236e-01	
   9.7400000e+02	   1.5502891e-01	   1.5502891e-01	   3.5920127e-01	   3.5920127e-01	
   9.7500000e+02	   1.5094214e-01	   1.5094214e-01	   3.5150721e-01	   3.5150721e-01	
   9.7600000e+02	   1.5338781e-01	   1.5338781e-01	   3.5488509e-01	   3.5488509e-01	
   9.7700000e+02	   1.5353941e-01	   1.5353941e-01	   3.5726375e-01	   3.5726375e-01	
   9.7800000e+02	   1.5363651e-01	   1.5363651e-01	   3.5569769e-01	   3.5569769e-01	
   9.7900000e+02	   1.5488688e-01	   1.5488688e-01	   3.5822441e-01	   3.5822441e-01	
   9.8000000e+02	   1.5375424e-01	   1.5375424e-01	   3.5574562e-01	   3.5574562e-01	
   9.8100000e+02	   1.5333593e-01	   1.5333593e-01	   3.5387784e-01	   3.5387784e-01	
   9.8200000e+02	   1.5449942e-01	   1.5449942e-01	   3.5599595e-01	   3.5599595e-01	
   9.8300000e+02	   1.5637544e-01	   1.5637544e-01	   3.5797222e-01	   3.5797222e-01	
   9.8400000e+02	   1.5199314e-01	   1.5199314e-01	   3.5000805e-01	   3.5000805e-01	
   9.8500000e+02	   1.5624482e-01	   1.5624482e-01	   3.5599667e-01	   3.5599667e-01	
   9.8600000e+02	   1.5629240e-01	   1.5629240e-01	   3.5576954e-01	   3.5576954e-01	
   9.8700000e+02	   1.5762540e-01	   1.5762540e-01	   3.5684856e-01	   3.5684856e-01	
   9.8800000e+02	   1.5874192e-01	   1.5874192e-01	   3.5736252e-01	   3.5736252e-01	
   9.8900000e+02	   1.6409231e-01	   1.6409231e-01	   3.6768211e-01	   3.6768211e-01	
   9.9000000e+02	   1.6246524e-01	   1.6246524e-01	   3.5969547e-01	   3.5969547e-01	
   9.9100000e+02	   1.6517631e-01	   1.6517631e-01	   3.6500470e-01	   3.6500470e-01	
   9.9200000e+02	   1.6445849e-01	   1.6445849e-01	   3.6359260e-01	   3.6359260e-01	
   9.9300000e+02	   1.6463797e-01	   1.6463797e-01	   3.6394102e-01	   3.6394102e-01	
   9.9400000e+02	   1.6636231e-01	   1.6636231e-01	   3.6549969e-01	   3.6549969e-01	
   9.9500000e+02	   1.6491344e-01	   1.6491344e-01	   3.6152379e-01	   3.6152379e-01	
   9.9600000e+02	   1.6613329e-01	   1.6613329e-01	   3.6392426e-01	   3.6392426e-01	
   9.9700000e+02	   1.6854496e-01	   1.6854496e-01	   3.6627166e-01	   3.6627166e-01	
   9.9800000e+02	   1.7041197e-01	   1.7041197e-01	   3.6928009e-01	   3.6928009e-01	
   9.9900000e+02	   1.6650497e-01	   1.6650497e-01	   3.6111474e-01	   3.6111474e-01	
   1.0000000e+03	   1.7190738e-01	   1.7190738e-01	   3.6891296e-01	   3.6891296e-01	
   1.0010000e+03	   1.7251621e-01	   1.7251621e-01	   3.7181768e-01	   3.7181768e-01	
   1.0020000e+03	   1.7316827e-01	   1.7316827e-01	   3.7118613e-01	   3.7118613e-01	
   1.0030000e+03	   1.7229311e-01	   1.7229311e-01	   3.6760012e-01	   3.6760012e-01	
   1.0040000e+03	   1.7856140e-01	   1.7856140e-01	   3.8031977e-01	   3.8031977e-01	
   1.0050000e+03	   1.7503835e-01	   1.7503835e-01	   3.7075592e-01	   3.7075592e-01	
   1.0060000e+03	   1.7731167e-01	   1.7731167e-01	   3.7337440e-01	   3.7337440e-01	
   1.0070000e+03	   1.7892043e-01	   1.7892043e-01	   3.7618221e-01	   3.7618221e-01	
   1.0080000e+03	   1.8140912e-01	   1.8140912e-01	   3.7929818e-01	   3.7929818e-01	
   1.0090000e+03	   1.8236278e-01	   1.8236278e-01	   3.8179690e-01	   3.8179690e-01	
   1.0100000e+03	   1.8295767e-01	   1.8295767e-01	   3.7971737e-01	   3.7971737e-01	
   1.0110000e+03	   1.8682467e-01	   1.8682467e-01	   3.8255840e-01	   3.8255840e-01	
   1.0120000e+03	   1.8716048e-01	   1.8716048e-01	   3.8279709e-01	   3.8279709e-01	
   1.0130000e+03	   1.9084205e-01	   1.9084205e-01	   3.8692660e-01	   3.8692660e-01	
   1.0140000e+03	   1.9156264e-01	   1.9156264e-01	   3.8307194e-01	   3.8307194e-01	
   1.0150000e+03	   1.9859915e-01	   1.9859915e-01	   3.9331123e-01	   3.9331123e-01	
   1.0160000e+03	   2.0352831e-01	   2.0352831e-01	   3.9912068e-01	   3.9912068e-01	
   1.0170000e+03	   2.0549713e-01	   2.0549713e-01	   4.0016276e-01	   4.0016276e-01	
   1.0180000e+03	   2.1054812e-01	   2.1054812e-01	   4.0821575e-01	   4.0821575e-01	
   1.0190000e+03	   2.0625196e-01	   2.0625196e-01	   4.0210564e-01	   4.0210564e-01	
   1.0200000e+03	   2.0446710e-01	   2.0446710e-01	   3.9931746e-01	   3.9931746e-01	
   1.0210000e+03	   2.0137572e-01	   2.0137572e-01	   3.9560227e-01	   3.9560227e-01	
   1.0220000e+03	   2.0601130e-01	   2.0601130e-01	   4.0353892e-01	   4.0353892e-01	
   1.0230000e+03	   1.9610014e-01	   1.9610014e-01	   3.8816148e-01	   3.8816148e-01	
   1.0240000e+03	   1.9485143e-01	   1.9485143e-01	   3.9255851e-01	   3.9255851e-01	
   1.0250000e+03	   1.9743091e-01	   1.9743091e-01	   3.9802445e-01	   3.9802445e-01	
   1.0260000e+03	   1.8814192e-01	   1.8814192e-01	   3.8112797e-01	   3.8112797e-01	
   1.0270000e+03	   1.8882310e-01	   1.8882310e-01	   3.8636356e-01	   3.8636356e-01	
   1.0280000e+03	   1.8082841e-01	   1.8082841e-01	   3.7141941e-01	   3.7141941e-01	
   1.0290000e+03	   1.8072354e-01	   1.8072354e-01	   3.7682777e-01	   3.7682777e-01	
   1.0300000e+03	   1.7818339e-01	   1.7818339e-01	   3.7065112e-01	   3.7065112e-01	
   1.0310000e+03	   1.6663663e-01	   1.6663663e-01	   3.5228028e-01	   3.5228028e-01	
   1.0320000e+03	   1.6946285e-01	   1.6946285e-01	   3.5571378e-01	   3.5571378e-01	
   1.0330000e+03	   1.6886277e-01	   1.6886277e-01	   3.6084256e-01	   3.6084256e-01	
   1.0340000e+03	   1.5868203e-01	   1.5868203e-01	   3.4150158e-01	   3.4150158e-01	
   1.0350000e+03	   1.6036269e-01	   1.6036269e-01	   3.5208901e-01	   3.5208901e-01	
   1.0360000e+03	   1.5862493e-01	   1.5862493e-01	   3.5289458e-01	   3.5289458e-01	
   1.0370000e+03	   1.6178449e-01	   1.6178449e-01	   3.6316351e-01	   3.6316351e-01	
   1.0380000e+03	   1.5906661e-01	   1.5906661e-01	   3.4779831e-01	   3.4779831e-01	
   1.0390000e+03	   1.4939303e-01	   1.4939303e-01	   3.3765542e-01	   3.3765542e-01	
   1.0400000e+03	   1.5129425e-01	   1.5129425e-01	   3.3332031e-01	   3.3332031e-01	
   1.0410000e+03	   1.5557019e-01	   1.5557019e-01	   3.4873325e-01	   3.4873325e-01	
   1.0420000e+03	   1.4731995e-01	   1.4731995e-01	   3.3163490e-01	   3.3163490e-01	
   1.0430000e+03	   1.5865657e-01	   1.5865657e-01	   3.5209246e-01	   3.5209246e-01	
   1.0440000e+03	   1.4532604e-01	   1.4532604e-01	   3.3522308e-01	   3.3522308e-01	
   1.0450000e+03	   1.5178782e-01	   1.5178782e-01	   3.3795368e-01	   3.3795368e-01	
   1.0460000e+03	   1.5419326e-01	   1.5419326e-01	   3.4774805e-01	   3.4774805e-01	
   1.0470000e+03	   1.4160597e-01	   1.4160597e-01	   3.2549106e-01	   3.2549106e-01	
   1.0480000e+03	   1.5261392e-01	   1.5261392e-01	   3.3642014e-01	   3.3642014e-01	
   1.0490000e+03	   1.4702533e-01	   1.4702533e-01	   3.3312696e-01	   3.3312696e-01	
   1.0500000e+03	   1.3595061e-01	   1.3595061e-01	   3.1672492e-01	   3.1672492e-01	
   1.0510000e+03	   1.4653977e-01	   1.4653977e-01	   3.4063667e-01	   3.4063667e-01	
   1.0520000e+03	   1.4556890e-01	   1.4556890e-01	   3.2948756e-01	   3.2948756e-01	
   1.0530000e+03	   1.3583388e-01	   1.3583388e-01	   3.1468343e-01	   3.1468343e-01	
   1.0540000e+03	   1.4827613e-01	   1.4827613e-01	   3.4445061e-01	   3.4445061e-01	
   1.0550000e+03	   1.4186048e-01	   1.4186048e-01	   3.2325354e-01	   3.2325354e-01	
   1.0560000e+03	   1.3631838e-01	   1.3631838e-01	   3.1436353e-01	   3.1436353e-01	
   1.0570000e+03	   1.3852129e-01	   1.3852129e-01	   3.0942527e-01	   3.0942527e-01	
   1.0580000e+03	   1.3620664e-01	   1.3620664e-01	   3.1218419e-01	   3.1218419e-01	
   1.0590000e+03	   1.4001920e-01	   1.4001920e-01	   3.2409344e-01	   3.2409344e-01	
   1.0600000e+03	   1.4230830e-01	   1.4230830e-01	   3.2019701e-01	   3.2019701e-01	
   1.0610000e+03	   1.2827194e-01	   1.2827194e-01	   2.9239916e-01	   2.9239916e-01	
   1.0620000e+03	   1.4539318e-01	   1.4539318e-01	   3.2418101e-01	   3.2418101e-01	
   1.0630000e+03	   1.4735467e-01	   1.4735467e-01	   3.3181507e-01	   3.3181507e-01	
   1.0640000e+03	   1.4947006e-01	   1.4947006e-01	   3.3338362e-01	   3.3338362e-01	
   1.0650000e+03	   1.4203922e-01	   1.4203922e-01	   3.2320182e-01	   3.2320182e-01	
   1.0660000e+03	   1.4984393e-01	   1.4984393e-01	   3.2848761e-01	   3.2848761e-01	
   1.0670000e+03	   1.5202759e-01	   1.5202759e-01	   3.3710704e-01	   3.3710704e-01	
   1.0680000e+03	   1.6063736e-01	   1.6063736e-01	   3.5047770e-01	   3.5047770e-01	
   1.0690000e+03	   1.5001346e-01	   1.5001346e-01	   3.3534839e-01	   3.3534839e-01	
   1.0700000e+03	   1.5852818e-01	   1.5852818e-01	   3.4749282e-01	   3.4749282e-01	
