   3.9995032e+02	   1.1352187e+02	
   4.0103281e+02	   1.1331946e+02	
   4.0196051e+02	   1.1311187e+02	
   4.0304263e+02	   1.1289780e+02	
   4.0397003e+02	   1.1281938e+02	
   4.0505182e+02	   1.1263580e+02	
   4.0597891e+02	   1.1257245e+02	
   4.0706033e+02	   1.1245133e+02	
   4.0798712e+02	   1.1233373e+02	
   4.0906821e+02	   1.1223873e+02	
   4.0999469e+02	   1.1210135e+02	
   4.1107538e+02	   1.1210416e+02	
   4.1200156e+02	   1.1203452e+02	
   4.1292758e+02	   1.1210147e+02	
   4.1400778e+02	   1.1196177e+02	
   4.1493350e+02	   1.1192001e+02	
   4.1601331e+02	   1.1167593e+02	
   4.1693872e+02	   1.1159551e+02	
   4.1801816e+02	   1.1145626e+02	
   4.1894327e+02	   1.1139678e+02	
   4.2002234e+02	   1.1128832e+02	
   4.2094711e+02	   1.1128112e+02	
   4.2202585e+02	   1.1122262e+02	
   4.2295032e+02	   1.1110226e+02	
   4.2402866e+02	   1.1105958e+02	
   4.2495279e+02	   1.1095925e+02	
   4.2603079e+02	   1.1083315e+02	
   4.2695459e+02	   1.1070503e+02	
   4.2803220e+02	   1.1063134e+02	
   4.2895572e+02	   1.1053820e+02	
   4.3003293e+02	   1.1044366e+02	
   4.3095612e+02	   1.1038022e+02	
   4.3203296e+02	   1.1021559e+02	
   4.3295584e+02	   1.1018190e+02	
   4.3403229e+02	   1.1006338e+02	
   4.3495483e+02	   1.1004732e+02	
   4.3603091e+02	   1.0990356e+02	
   4.3695313e+02	   1.0995388e+02	
   4.3802884e+02	   1.0978808e+02	
   4.3895071e+02	   1.0970297e+02	
   4.4002603e+02	   1.0962538e+02	
   4.4094757e+02	   1.0968395e+02	
   4.4202252e+02	   1.0962779e+02	
   4.4294373e+02	   1.0959352e+02	
   4.4401828e+02	   1.0947416e+02	
   4.4493918e+02	   1.0928880e+02	
   4.4601334e+02	   1.0906266e+02	
   4.4693387e+02	   1.0897123e+02	
   4.4800763e+02	   1.0895409e+02	
   4.4892786e+02	   1.0893228e+02	
   4.5000122e+02	   1.0895035e+02	
   4.5107440e+02	   1.0891814e+02	
   4.5199408e+02	   1.0879944e+02	
   4.5306686e+02	   1.0858969e+02	
   4.5398621e+02	   1.0847827e+02	
   4.5505856e+02	   1.0834515e+02	
   4.5597760e+02	   1.0821868e+02	
   4.5704956e+02	   1.0803339e+02	
   4.5796823e+02	   1.0794179e+02	
   4.5903979e+02	   1.0784036e+02	
   4.5995813e+02	   1.0774949e+02	
   4.6102930e+02	   1.0779705e+02	
   4.6194727e+02	   1.0774165e+02	
   4.6301804e+02	   1.0764930e+02	
   4.6393567e+02	   1.0769977e+02	
   4.6500601e+02	   1.0759407e+02	
   4.6607614e+02	   1.0747139e+02	
   4.6699326e+02	   1.0749793e+02	
   4.6806299e+02	   1.0744591e+02	
   4.6897971e+02	   1.0734178e+02	
   4.7004904e+02	   1.0744684e+02	
   4.7096542e+02	   1.0736457e+02	
   4.7203433e+02	   1.0725074e+02	
   4.7295035e+02	   1.0715531e+02	
   4.7401886e+02	   1.0696681e+02	
   4.7493454e+02	   1.0676171e+02	
   4.7600262e+02	   1.0664318e+02	
   4.7707047e+02	   1.0652994e+02	
   4.7798560e+02	   1.0648501e+02	
   4.7905304e+02	   1.0644902e+02	
   4.7996780e+02	   1.0638974e+02	
   4.8103482e+02	   1.0622711e+02	
   4.8194922e+02	   1.0609160e+02	
   4.8301581e+02	   1.0600472e+02	
   4.8392984e+02	   1.0589378e+02	
   4.8499603e+02	   1.0572230e+02	
   4.8606198e+02	   1.0558526e+02	
   4.8697543e+02	   1.0544918e+02	
   4.8804095e+02	   1.0537140e+02	
   4.8895407e+02	   1.0518797e+02	
   4.9001916e+02	   1.0510167e+02	
   4.9093192e+02	   1.0508082e+02	
   4.9199658e+02	   1.0510937e+02	
   4.9306100e+02	   1.0505747e+02	
   4.9397318e+02	   1.0509399e+02	
   4.9503717e+02	   1.0504569e+02	
   4.9594897e+02	   1.0508814e+02	
   4.9701254e+02	   1.0498402e+02	
   4.9807587e+02	   1.0484604e+02	
   4.9898709e+02	   1.0478713e+02	
   5.0004999e+02	   1.0463006e+02	
   5.0096085e+02	   1.0440103e+02	
   5.0202328e+02	   1.0429117e+02	
   5.0293378e+02	   1.0420124e+02	
   5.0399579e+02	   1.0408411e+02	
   5.0505756e+02	   1.0407793e+02	
   5.0596744e+02	   1.0400000e+02	
   5.0702878e+02	   1.0389999e+02	
   5.0793829e+02	   1.0383059e+02	
   5.0899918e+02	   1.0372486e+02	
   5.1005981e+02	   1.0358520e+02	
   5.1096875e+02	   1.0352097e+02	
   5.1202893e+02	   1.0346993e+02	
   5.1293750e+02	   1.0336073e+02	
   5.1399725e+02	   1.0325668e+02	
   5.1505676e+02	   1.0319280e+02	
   5.1596472e+02	   1.0312263e+02	
   5.1702374e+02	   1.0290219e+02	
   5.1793134e+02	   1.0290416e+02	
   5.1898993e+02	   1.0282057e+02	
   5.2004828e+02	   1.0274312e+02	
   5.2095526e+02	   1.0267782e+02	
   5.2201312e+02	   1.0270616e+02	
   5.2307080e+02	   1.0250102e+02	
   5.2397711e+02	   1.0237395e+02	
   5.2503436e+02	   1.0228054e+02	
   5.2594031e+02	   1.0216861e+02	
   5.2699701e+02	   1.0205557e+02	
   5.2805353e+02	   1.0200686e+02	
   5.2895886e+02	   1.0199362e+02	
   5.3001489e+02	   1.0186588e+02	
   5.3107068e+02	   1.0178286e+02	
   5.3197540e+02	   1.0172176e+02	
   5.3303070e+02	   1.0164083e+02	
   5.3393506e+02	   1.0147596e+02	
   5.3498987e+02	   1.0137929e+02	
   5.3604449e+02	   1.0129139e+02	
   5.3694818e+02	   1.0118415e+02	
   5.3800232e+02	   1.0106417e+02	
   5.3905615e+02	   1.0097946e+02	
   5.3995929e+02	   1.0096569e+02	
   5.4101270e+02	   1.0089033e+02	
   5.4206580e+02	   1.0079080e+02	
   5.4296826e+02	   1.0067009e+02	
   5.4402094e+02	   1.0062249e+02	
   5.4507336e+02	   1.0048940e+02	
   5.4597522e+02	   1.0030760e+02	
   5.4702710e+02	   1.0029198e+02	
   5.4792853e+02	   1.0026707e+02	
   5.4897998e+02	   1.0016818e+02	
   5.5003119e+02	   1.0001718e+02	
   5.5093201e+02	   9.9885544e+01	
   5.5198267e+02	   9.9794187e+01	
   5.5303314e+02	   9.9643948e+01	
   5.5393329e+02	   9.9522893e+01	
   5.5498328e+02	   9.9415279e+01	
   5.5603296e+02	   9.9413650e+01	
   5.5693250e+02	   9.9104706e+01	
   5.5798169e+02	   9.9011062e+01	
   5.5903064e+02	   9.8875512e+01	
   5.5992950e+02	   9.8887543e+01	
   5.6097797e+02	   9.8742406e+01	
   5.6202612e+02	   9.8859080e+01	
   5.6307404e+02	   9.8760582e+01	
   5.6397205e+02	   9.8733580e+01	
   5.6501947e+02	   9.8580673e+01	
   5.6606665e+02	   9.8520138e+01	
   5.6696399e+02	   9.8340761e+01	
   5.6801068e+02	   9.8293808e+01	
   5.6905707e+02	   9.7996296e+01	
   5.6995380e+02	   9.7752446e+01	
   5.7099963e+02	   9.7514763e+01	
   5.7204529e+02	   9.7299902e+01	
   5.7294135e+02	   9.6970440e+01	
   5.7398645e+02	   9.6874716e+01	
   5.7503131e+02	   9.6767791e+01	
   5.7592670e+02	   9.6663386e+01	
   5.7697101e+02	   9.6438449e+01	
   5.7801514e+02	   9.6451448e+01	
   5.7905890e+02	   9.6376078e+01	
   5.7995337e+02	   9.6295995e+01	
   5.8099670e+02	   9.6199729e+01	
   5.8203973e+02	   9.6208540e+01	
   5.8293353e+02	   9.6002970e+01	
   5.8397601e+02	   9.5960098e+01	
   5.8501825e+02	   9.5879124e+01	
   5.8606024e+02	   9.5831751e+01	
   5.8695313e+02	   9.5790586e+01	
   5.8799457e+02	   9.5744844e+01	
   5.8903571e+02	   9.5579927e+01	
   5.8992792e+02	   9.5572325e+01	
   5.9096857e+02	   9.5428822e+01	
   5.9200897e+02	   9.5299845e+01	
   5.9304907e+02	   9.5144271e+01	
   5.9394037e+02	   9.5161553e+01	
   5.9497992e+02	   9.4986696e+01	
   5.9601923e+02	   9.4931252e+01	
   5.9705823e+02	   9.4795352e+01	
   5.9794861e+02	   9.4770010e+01	
   5.9898706e+02	   9.4600141e+01	
   6.0002527e+02	   9.4573924e+01	
   6.0106323e+02	   9.4498131e+01	
   6.0195264e+02	   9.4427824e+01	
   6.0299005e+02	   9.4338157e+01	
   6.0402716e+02	   9.4268700e+01	
   6.0506396e+02	   9.4132696e+01	
   6.0595245e+02	   9.4001565e+01	
   6.0698871e+02	   9.3953631e+01	
   6.0802472e+02	   9.3858625e+01	
   6.0906049e+02	   9.3750828e+01	
   6.0994800e+02	   9.3654784e+01	
   6.1098322e+02	   9.3574564e+01	
   6.1201807e+02	   9.3570525e+01	
   6.1305267e+02	   9.3551593e+01	
   6.1393927e+02	   9.3376139e+01	
   6.1497333e+02	   9.3364772e+01	
   6.1600714e+02	   9.3254406e+01	
   6.1704065e+02	   9.3002787e+01	
   6.1792627e+02	   9.2891652e+01	
   6.1895917e+02	   9.2955366e+01	
   6.1999182e+02	   9.2749302e+01	
   6.2102423e+02	   9.2727902e+01	
   6.2205627e+02	   9.2657947e+01	
   6.2294067e+02	   9.2500500e+01	
   6.2397223e+02	   9.2329869e+01	
   6.2500348e+02	   9.2284780e+01	
   6.2603436e+02	   9.2180810e+01	
   6.2706500e+02	   9.2096303e+01	
   6.2794818e+02	   9.2049284e+01	
   6.2897827e+02	   9.1923466e+01	
   6.3000812e+02	   9.1830537e+01	
   6.3103760e+02	   9.1603758e+01	
   6.3206677e+02	   9.1539110e+01	
   6.3294873e+02	   9.1412111e+01	
   6.3397736e+02	   9.1348768e+01	
   6.3500574e+02	   9.1267135e+01	
   6.3603375e+02	   9.1391163e+01	
   6.3706152e+02	   9.1272152e+01	
   6.3794220e+02	   9.1151334e+01	
   6.3896936e+02	   9.1102583e+01	
   6.3999628e+02	   9.0901489e+01	
   6.4102283e+02	   9.0634604e+01	
   6.4204913e+02	   9.0465159e+01	
   6.4292859e+02	   9.0500692e+01	
   6.4395428e+02	   9.0436110e+01	
   6.4497968e+02	   9.0487112e+01	
   6.4600482e+02	   9.0454936e+01	
   6.4702960e+02	   9.0477694e+01	
   6.4805414e+02	   9.0223273e+01	
   6.4893201e+02	   9.0062547e+01	
   6.4995593e+02	   8.9926350e+01	
   6.5097955e+02	   8.9839472e+01	
   6.5200287e+02	   8.9741298e+01	
   6.5302588e+02	   8.9687729e+01	
   6.5404858e+02	   8.9663829e+01	
   6.5507098e+02	   8.9545881e+01	
   6.5594708e+02	   8.9457695e+01	
   6.5696887e+02	   8.9357015e+01	
   6.5799042e+02	   8.9345855e+01	
   6.5901160e+02	   8.9212079e+01	
   6.6003247e+02	   8.9147164e+01	
   6.6105304e+02	   8.9139774e+01	
   6.6192761e+02	   8.9066439e+01	
   6.6294757e+02	   8.8920337e+01	
   6.6396729e+02	   8.8834295e+01	
   6.6498663e+02	   8.8767061e+01	
   6.6600568e+02	   8.8641860e+01	
   6.6702441e+02	   8.8593891e+01	
   6.6804285e+02	   8.8505485e+01	
   6.6906097e+02	   8.8408419e+01	
   6.6993341e+02	   8.8283219e+01	
   6.7095093e+02	   8.8188077e+01	
   6.7196814e+02	   8.8097556e+01	
   6.7298505e+02	   8.8019635e+01	
   6.7400159e+02	   8.7959084e+01	
   6.7501782e+02	   8.7950167e+01	
   6.7603375e+02	   8.7742141e+01	
   6.7704938e+02	   8.7597838e+01	
   6.7806470e+02	   8.7484297e+01	
   6.7893469e+02	   8.7332244e+01	
   6.7994940e+02	   8.7238612e+01	
   6.8096381e+02	   8.7332235e+01	
   6.8197784e+02	   8.7336405e+01	
   6.8299158e+02	   8.7294224e+01	
   6.8400500e+02	   8.7262300e+01	
   6.8501807e+02	   8.7035494e+01	
   6.8603088e+02	   8.6815469e+01	
   6.8704327e+02	   8.6561291e+01	
   6.8805542e+02	   8.6459576e+01	
   6.8906720e+02	   8.6347442e+01	
   6.8993420e+02	   8.6224497e+01	
   6.9094543e+02	   8.6192230e+01	
   6.9195630e+02	   8.6201845e+01	
   6.9296680e+02	   8.5984943e+01	
   6.9397705e+02	   8.5897895e+01	
   6.9498694e+02	   8.5938063e+01	
   6.9599646e+02	   8.5819845e+01	
   6.9700568e+02	   8.5798067e+01	
   6.9801459e+02	   8.5870615e+01	
   6.9902319e+02	   8.5911063e+01	
   7.0003143e+02	   8.5840144e+01	
   7.0103931e+02	   8.5817296e+01	
   7.0204688e+02	   8.5680492e+01	
   7.0305414e+02	   8.5584933e+01	
   7.0406104e+02	   8.5383029e+01	
   7.0506763e+02	   8.5246704e+01	
   7.0593018e+02	   8.5187518e+01	
   7.0693616e+02	   8.5069405e+01	
   7.0794177e+02	   8.4935822e+01	
   7.0894708e+02	   8.4863402e+01	
   7.0995203e+02	   8.4827310e+01	
   7.1095667e+02	   8.4666592e+01	
   7.1196094e+02	   8.4519706e+01	
   7.1296490e+02	   8.4554452e+01	
   7.1396851e+02	   8.4445629e+01	
   7.1497180e+02	   8.4438328e+01	
   7.1597473e+02	   8.4373023e+01	
   7.1697736e+02	   8.4372795e+01	
   7.1797961e+02	   8.4241642e+01	
   7.1898157e+02	   8.4246190e+01	
   7.1998315e+02	   8.4137986e+01	
   7.2098438e+02	   8.4047755e+01	
   7.2198529e+02	   8.3976951e+01	
   7.2298590e+02	   8.3855514e+01	
   7.2398608e+02	   8.3760675e+01	
   7.2498596e+02	   8.3703900e+01	
   7.2598553e+02	   8.3742791e+01	
   7.2698474e+02	   8.3708419e+01	
   7.2798358e+02	   8.3683285e+01	
   7.2898212e+02	   8.3603066e+01	
   7.2998029e+02	   8.3411936e+01	
   7.3097809e+02	   8.3165001e+01	
   7.3197559e+02	   8.3015742e+01	
   7.3297272e+02	   8.2911452e+01	
   7.3396954e+02	   8.2740916e+01	
   7.3496594e+02	   8.2693800e+01	
   7.3596204e+02	   8.2554619e+01	
   7.3695782e+02	   8.2456860e+01	
   7.3795319e+02	   8.2306609e+01	
   7.3894824e+02	   8.2321393e+01	
   7.3994293e+02	   8.2114944e+01	
   7.4093732e+02	   8.2191908e+01	
   7.4193134e+02	   8.2106481e+01	
   7.4306689e+02	   8.2010366e+01	
   7.4406018e+02	   8.1787868e+01	
   7.4505304e+02	   8.1797223e+01	
   7.4604559e+02	   8.1635674e+01	
   7.4703778e+02	   8.1538954e+01	
   7.4802966e+02	   8.1531183e+01	
   7.4902112e+02	   8.1524273e+01	
   7.5001227e+02	   8.1418204e+01	
   7.5100305e+02	   8.1384168e+01	
   7.5199353e+02	   8.1337643e+01	
   7.5298358e+02	   8.1282042e+01	
   7.5397333e+02	   8.1304177e+01	
   7.5496265e+02	   8.1340295e+01	
   7.5595166e+02	   8.1340561e+01	
   7.5694031e+02	   8.1310541e+01	
   7.5806976e+02	   8.1228414e+01	
   7.5905768e+02	   8.1089241e+01	
   7.6004517e+02	   8.0916550e+01	
   7.6103235e+02	   8.0857741e+01	
   7.6201917e+02	   8.0746909e+01	
   7.6300562e+02	   8.0680472e+01	
   7.6399170e+02	   8.0521886e+01	
   7.6497742e+02	   8.0575225e+01	
   7.6596283e+02	   8.0443664e+01	
   7.6694781e+02	   8.0236236e+01	
   7.6793243e+02	   8.0083336e+01	
   7.6905731e+02	   8.0035064e+01	
   7.7004120e+02	   7.9873868e+01	
   7.7102472e+02	   7.9705639e+01	
   7.7200781e+02	   7.9697049e+01	
   7.7299060e+02	   7.9628344e+01	
   7.7397302e+02	   7.9496066e+01	
   7.7495508e+02	   7.9442693e+01	
   7.7593677e+02	   7.9335105e+01	
   7.7705823e+02	   7.9292502e+01	
   7.7803912e+02	   7.9311984e+01	
   7.7901965e+02	   7.9140706e+01	
   7.7999982e+02	   7.9074124e+01	
   7.8097961e+02	   7.8956565e+01	
   7.8195898e+02	   7.8848280e+01	
   7.8293805e+02	   7.8680425e+01	
   7.8405652e+02	   7.8806355e+01	
   7.8503479e+02	   7.8714713e+01	
   7.8601270e+02	   7.8859618e+01	
   7.8699017e+02	   7.8890942e+01	
   7.8796735e+02	   7.8896673e+01	
   7.8894409e+02	   7.8727783e+01	
   7.9006000e+02	   7.8570440e+01	
   7.9103595e+02	   7.8392730e+01	
   7.9201154e+02	   7.8235834e+01	
   7.9298682e+02	   7.8099521e+01	
   7.9396167e+02	   7.8331113e+01	
   7.9493616e+02	   7.8393144e+01	
   7.9604938e+02	   7.8384934e+01	
   7.9702301e+02	   7.8567704e+01	
   7.9799634e+02	   7.8542929e+01	
   7.9896924e+02	   7.8043459e+01	
   7.9994183e+02	   7.7887797e+01	
   8.0105280e+02	   7.7756883e+01	
   8.0202454e+02	   7.7325462e+01	
   8.0299591e+02	   7.7135962e+01	
   8.0396692e+02	   7.7136348e+01	
   8.0493750e+02	   7.7168891e+01	
   8.0604626e+02	   7.6955627e+01	
   8.0701605e+02	   7.6834992e+01	
   8.0798547e+02	   7.6717459e+01	
   8.0895453e+02	   7.6767380e+01	
   8.1006146e+02	   7.6653743e+01	
   8.1102966e+02	   7.6582932e+01	
   8.1199750e+02	   7.6591167e+01	
   8.1296497e+02	   7.6622382e+01	
   8.1393201e+02	   7.6445401e+01	
   8.1503674e+02	   7.6242306e+01	
   8.1600299e+02	   7.6307290e+01	
   8.1696881e+02	   7.6281332e+01	
   8.1793427e+02	   7.6234293e+01	
   8.1903717e+02	   7.6277935e+01	
   8.2000183e+02	   7.6309073e+01	
   8.2096606e+02	   7.6368826e+01	
   8.2206757e+02	   7.6415126e+01	
   8.2303101e+02	   7.6448857e+01	
   8.2399402e+02	   7.6408175e+01	
   8.2495667e+02	   7.6347529e+01	
   8.2605634e+02	   7.6158004e+01	
   8.2701813e+02	   7.6096757e+01	
   8.2797955e+02	   7.5951620e+01	
   8.2894055e+02	   7.5978495e+01	
   8.3003839e+02	   7.5877238e+01	
   8.3099854e+02	   7.5861187e+01	
   8.3195837e+02	   7.5681534e+01	
   8.3305475e+02	   7.5624846e+01	
   8.3401373e+02	   7.5455745e+01	
   8.3497229e+02	   7.5573572e+01	
   8.3606726e+02	   7.5449955e+01	
   8.3702496e+02	   7.5626135e+01	
   8.3798230e+02	   7.5546243e+01	
   8.3893921e+02	   7.5463935e+01	
   8.4003235e+02	   7.5321629e+01	
   8.4098840e+02	   7.5416722e+01	
   8.4194409e+02	   7.5254519e+01	
   8.4303577e+02	   7.5222301e+01	
   8.4399060e+02	   7.5023965e+01	
   8.4494501e+02	   7.4983501e+01	
   8.4603528e+02	   7.4725399e+01	
   8.4698889e+02	   7.4538737e+01	
   8.4794202e+02	   7.4557084e+01	
   8.4903088e+02	   7.4632126e+01	
   8.4998315e+02	   7.4545676e+01	
   8.5093506e+02	   7.4607191e+01	
   8.5202246e+02	   7.4758810e+01	
   8.5297351e+02	   7.4625237e+01	
   8.5405994e+02	   7.4493023e+01	
   8.5501013e+02	   7.4200477e+01	
   8.5595990e+02	   7.3975329e+01	
   8.5704486e+02	   7.3714243e+01	
   8.5799377e+02	   7.3551926e+01	
   8.5894226e+02	   7.3583840e+01	
   8.6002582e+02	   7.3603690e+01	
   8.6097345e+02	   7.3618140e+01	
   8.6205597e+02	   7.3600946e+01	
   8.6300269e+02	   7.3524956e+01	
   8.6394910e+02	   7.3280545e+01	
   8.6503015e+02	   7.3155029e+01	
   8.6597559e+02	   7.3014429e+01	
   8.6705566e+02	   7.2754177e+01	
   8.6800024e+02	   7.2732833e+01	
   8.6894446e+02	   7.2727123e+01	
   8.7002301e+02	   7.2820463e+01	
   8.7096637e+02	   7.2779821e+01	
   8.7204395e+02	   7.2756862e+01	
   8.7298639e+02	   7.2589101e+01	
   8.7406293e+02	   7.2847153e+01	
   8.7500446e+02	   7.2629199e+01	
   8.7594562e+02	   7.2517278e+01	
   8.7702069e+02	   7.2543210e+01	
   8.7796094e+02	   7.2526207e+01	
   8.7903503e+02	   7.2162032e+01	
   8.7997437e+02	   7.2222615e+01	
   8.8104742e+02	   7.2203473e+01	
   8.8198590e+02	   7.2177799e+01	
   8.8305792e+02	   7.2238686e+01	
   8.8399554e+02	   7.2229849e+01	
   8.8506653e+02	   7.2239876e+01	
   8.8600323e+02	   7.2112470e+01	
   8.8693951e+02	   7.2097643e+01	
   8.8800897e+02	   7.1867431e+01	
   8.8894434e+02	   7.1757279e+01	
   8.9001282e+02	   7.1504028e+01	
   8.9094733e+02	   7.1603081e+01	
   8.9201477e+02	   7.1356078e+01	
   8.9294830e+02	   7.1350601e+01	
   8.9401477e+02	   7.1412998e+01	
   8.9494739e+02	   7.1377528e+01	
   8.9601282e+02	   7.1109133e+01	
   8.9694458e+02	   7.1232029e+01	
   8.9800891e+02	   7.1062284e+01	
   8.9893976e+02	   7.1044495e+01	
   9.0000305e+02	   7.0903881e+01	
   9.0106580e+02	   7.1002466e+01	
   9.0199530e+02	   7.0927926e+01	
   9.0305701e+02	   7.0940962e+01	
   9.0398553e+02	   7.0688194e+01	
   9.0504620e+02	   7.0613348e+01	
   9.0597382e+02	   7.0319384e+01	
   9.0703345e+02	   6.9990278e+01	
   9.0796014e+02	   6.9580522e+01	
   9.0901874e+02	   7.0573996e+01	
   9.0994452e+02	   7.1053972e+01	
   9.1100201e+02	   7.0568478e+01	
   9.1205902e+02	   7.0471283e+01	
   9.1298340e+02	   7.0348311e+01	
   9.1403931e+02	   7.0214499e+01	
   9.1496277e+02	   7.0063743e+01	
   9.1601758e+02	   6.9978480e+01	
   9.1694012e+02	   6.9947901e+01	
   9.1799390e+02	   6.9830161e+01	
   9.1904712e+02	   6.9833917e+01	
   9.1996820e+02	   6.9791298e+01	
   9.2102039e+02	   6.9806728e+01	
   9.2194055e+02	   6.9759186e+01	
   9.2299164e+02	   6.9597246e+01	
   9.2404218e+02	   6.9511463e+01	
   9.2496094e+02	   6.9475041e+01	
   9.2601038e+02	   6.9378693e+01	
   9.2705927e+02	   6.9230446e+01	
   9.2797656e+02	   6.9175262e+01	
   9.2902435e+02	   6.9083113e+01	
   9.2994073e+02	   6.9179649e+01	
   9.3098749e+02	   6.9071006e+01	
   9.3203363e+02	   6.8998115e+01	
   9.3294855e+02	   6.8806043e+01	
   9.3399365e+02	   6.8714900e+01	
   9.3503815e+02	   6.8508061e+01	
   9.3595166e+02	   6.8492880e+01	
   9.3699506e+02	   6.8530474e+01	
   9.3803790e+02	   6.8701519e+01	
   9.3894995e+02	   6.8711323e+01	
   9.3999170e+02	   6.8582428e+01	
   9.4103290e+02	   6.8511509e+01	
   9.4194342e+02	   6.8474599e+01	
   9.4298352e+02	   6.8327830e+01	
   9.4402307e+02	   6.8152368e+01	
   9.4506201e+02	   6.8168750e+01	
   9.4597058e+02	   6.7919767e+01	
   9.4700842e+02	   6.7875512e+01	
   9.4804565e+02	   6.7885390e+01	
   9.4895282e+02	   6.7890270e+01	
   9.4998895e+02	   6.7777514e+01	
   9.5102454e+02	   6.7787528e+01	
   9.5205951e+02	   6.7514838e+01	
   9.5296466e+02	   6.7440456e+01	
   9.5399854e+02	   6.7400933e+01	
   9.5503186e+02	   6.7482810e+01	
   9.5593549e+02	   6.7352616e+01	
   9.5696771e+02	   6.7441127e+01	
   9.5799933e+02	   6.7576148e+01	
   9.5903033e+02	   6.7342491e+01	
   9.6006073e+02	   6.7226229e+01	
   9.6096185e+02	   6.7315454e+01	
   9.6199121e+02	   6.7160250e+01	
   9.6301990e+02	   6.6998714e+01	
   9.6404803e+02	   6.7282750e+01	
   9.6494714e+02	   6.7106888e+01	
   9.6597418e+02	   6.7163421e+01	
   9.6700055e+02	   6.7414968e+01	
   9.6802637e+02	   6.7236200e+01	
   9.6905164e+02	   6.7010174e+01	
   9.6994818e+02	   6.7031648e+01	
   9.7097229e+02	   6.6703880e+01	
   9.7199579e+02	   6.6267062e+01	
   9.7301868e+02	   6.6250987e+01	
   9.7404102e+02	   6.6006964e+01	
   9.7506268e+02	   6.5908101e+01	
   9.7595618e+02	   6.5883070e+01	
   9.7697675e+02	   6.5977543e+01	
   9.7799677e+02	   6.5881080e+01	
   9.7901611e+02	   6.5909558e+01	
   9.8003485e+02	   6.5865733e+01	
   9.8105304e+02	   6.5832151e+01	
   9.8194342e+02	   6.5593837e+01	
   9.8296045e+02	   6.5567820e+01	
   9.8397687e+02	   6.5586067e+01	
   9.8499268e+02	   6.5433937e+01	
   9.8600787e+02	   6.5392345e+01	
   9.8702252e+02	   6.5644317e+01	
   9.8803650e+02	   6.5374938e+01	
   9.8904987e+02	   6.5517714e+01	
   9.9006262e+02	   6.5572239e+01	
   9.9094830e+02	   6.5591187e+01	
   9.9195996e+02	   6.5300312e+01	
   9.9297095e+02	   6.5319783e+01	
   9.9398132e+02	   6.4932954e+01	
   9.9499115e+02	   6.4728394e+01	
   9.9600031e+02	   6.4577065e+01	
   9.9700885e+02	   6.4232270e+01	
   9.9801685e+02	   6.4261570e+01	
   9.9902417e+02	   6.4197111e+01	
   1.0000309e+03	   6.3975867e+01	
   1.0010370e+03	   6.3852783e+01	
   1.0020424e+03	   6.3946738e+01	
   1.0030473e+03	   6.3718787e+01	
   1.0040516e+03	   6.4027376e+01	
   1.0050552e+03	   6.4209401e+01	
   1.0060582e+03	   6.4300629e+01	
   1.0070605e+03	   6.4287072e+01	
   1.0080623e+03	   6.4477413e+01	
   1.0089384e+03	   6.4178379e+01	
   1.0099390e+03	   6.4071361e+01	
   1.0109390e+03	   6.3992102e+01	
   1.0119383e+03	   6.3843358e+01	
   1.0130618e+03	   6.3490938e+01	
   1.0140599e+03	   6.3270103e+01	
   1.0150573e+03	   6.3666252e+01	
   1.0160540e+03	   6.3662792e+01	
   1.0170502e+03	   6.3550251e+01	
   1.0180457e+03	   6.3603169e+01	
   1.0190406e+03	   6.3667379e+01	
   1.0200349e+03	   6.3736582e+01	
   1.0210285e+03	   6.3385890e+01	
   1.0220215e+03	   6.3902123e+01	
   1.0230139e+03	   6.3988046e+01	
   1.0240056e+03	   6.3890984e+01	
   1.0249967e+03	   6.3210636e+01	
   1.0259872e+03	   6.3307194e+01	
   1.0269771e+03	   6.2757079e+01	
   1.0279663e+03	   6.2555043e+01	
   1.0289548e+03	   6.2263283e+01	
   1.0299429e+03	   6.2803380e+01	
   1.0310535e+03	   6.2842394e+01	
   1.0320400e+03	   6.3035655e+01	
   1.0330260e+03	   6.2746849e+01	
   1.0340114e+03	   6.2752001e+01	
   1.0349961e+03	   6.2468782e+01	
   1.0359801e+03	   6.2562787e+01	
   1.0369635e+03	   6.2342518e+01	
   1.0379463e+03	   6.2597637e+01	
   1.0390511e+03	   6.2332313e+01	
   1.0400326e+03	   6.2240159e+01	
   1.0410133e+03	   6.2008791e+01	
   1.0419934e+03	   6.1976481e+01	
   1.0429729e+03	   6.2096209e+01	
   1.0439518e+03	   6.2249075e+01	
   1.0450522e+03	   6.2006991e+01	
   1.0460297e+03	   6.1996088e+01	
   1.0470065e+03	   6.2069331e+01	
   1.0479827e+03	   6.1986848e+01	
   1.0489583e+03	   6.1509539e+01	
   1.0500549e+03	   5.9694098e+01	
