   6.5000000e+02	   8.3157981e-08	   4.7678231e-09	   6.1141818e-10	   4.6508230e-11	   1.8136629e-11	   8.8053168e-13	
   6.5100000e+02	   1.1069980e-07	   6.3629946e-09	   8.1790458e-10	   6.2423533e-11	   2.4364324e-11	   1.1880442e-12	
   6.5200000e+02	   1.2654872e-07	   7.2982598e-09	   9.4104557e-10	   7.2136929e-11	   2.8186049e-11	   1.3822292e-12	
   6.5300000e+02	   1.3305896e-07	   7.7019112e-09	   9.9650709e-10	   7.6752692e-11	   3.0020817e-11	   1.4812839e-12	
   6.5400000e+02	   1.3520141e-07	   7.8510207e-09	   1.0188661e-09	   7.8794733e-11	   3.0838994e-11	   1.5296201e-12	
   6.5500000e+02	   1.3597954e-07	   7.9138504e-09	   1.0292157e-09	   7.9813632e-11	   3.1238604e-11	   1.5548670e-12	
   6.5600000e+02	   1.3642632e-07	   7.9510141e-09	   1.0354904e-09	   8.0431609e-11	   3.1465967e-11	   1.5694628e-12	
   6.5700000e+02	   1.3680111e-07	   7.9810412e-09	   1.0405065e-09	   8.0913135e-11	   3.1632405e-11	   1.5801283e-12	
   6.5800000e+02	   1.3717507e-07	   8.0111191e-09	   1.0455615e-09	   8.1400263e-11	   3.1800351e-11	   1.5910444e-12	
   6.5900000e+02	   1.3759283e-07	   8.0468553e-09	   1.0517491e-09	   8.2019938e-11	   3.2026231e-11	   1.6061398e-12	
   6.6000000e+02	   1.3809570e-07	   8.0936060e-09	   1.0601246e-09	   8.2895621e-11	   3.2364945e-11	   1.6292603e-12	
   6.6100000e+02	   1.3867789e-07	   8.1506312e-09	   1.0705331e-09	   8.4009399e-11	   3.2809095e-11	   1.6598589e-12	
   6.6200000e+02	   1.3926996e-07	   8.2089570e-09	   1.0811859e-09	   8.5152833e-11	   3.3267380e-11	   1.6914847e-12	
   6.6300000e+02	   1.3980890e-07	   8.2604630e-09	   1.0904675e-09	   8.6138257e-11	   3.3657705e-11	   1.7183607e-12	
   6.6400000e+02	   1.4029641e-07	   8.3054079e-09	   1.0984276e-09	   8.6972533e-11	   3.3983681e-11	   1.7407561e-12	
   6.6500000e+02	   1.4075913e-07	   8.3472503e-09	   1.1057458e-09	   8.7735193e-11	   3.4280849e-11	   1.7611558e-12	
   6.6600000e+02	   1.4120372e-07	   8.3868435e-09	   1.1125827e-09	   8.8444839e-11	   3.4557795e-11	   1.7801377e-12	
   6.6700000e+02	   1.4165371e-07	   8.4272923e-09	   1.1195616e-09	   8.9176244e-11	   3.4847821e-11	   1.8001292e-12	
   6.6800000e+02	   1.4217220e-07	   8.4768909e-09	   1.1283517e-09	   9.0128227e-11	   3.5238775e-11	   1.8275019e-12	
   6.6900000e+02	   1.4278482e-07	   8.5389695e-09	   1.1396195e-09	   9.1379233e-11	   3.5765056e-11	   1.8647286e-12	
   6.7000000e+02	   1.4342233e-07	   8.6043725e-09	   1.1515168e-09	   9.2708146e-11	   3.6328599e-11	   1.9046889e-12	
   6.7100000e+02	   1.4399560e-07	   8.6613563e-09	   1.1616806e-09	   9.3833170e-11	   3.6804588e-11	   1.9383530e-12	
   6.7200000e+02	   1.4448948e-07	   8.7079442e-09	   1.1697218e-09	   9.4708312e-11	   3.7172498e-11	   1.9642701e-12	
   6.7300000e+02	   1.4494598e-07	   8.7496836e-09	   1.1767681e-09	   9.5468142e-11	   3.7491595e-11	   1.9867617e-12	
   6.7400000e+02	   1.4540122e-07	   8.7913397e-09	   1.1837877e-09	   9.6227873e-11	   3.7812549e-11	   2.0095117e-12	
   6.7500000e+02	   1.4587451e-07	   8.8354728e-09	   1.1913063e-09	   9.7050580e-11	   3.8163061e-11	   2.0345617e-12	
   6.7600000e+02	   1.4638469e-07	   8.8846123e-09	   1.1998481e-09	   9.8000007e-11	   3.8571253e-11	   2.0640205e-12	
   6.7700000e+02	   1.4694104e-07	   8.9400070e-09	   1.2096757e-09	   9.9108157e-11	   3.9051147e-11	   2.0989505e-12	
   6.7800000e+02	   1.4752510e-07	   8.9991908e-09	   1.2202905e-09	   1.0031409e-10	   3.9575400e-11	   2.1373207e-12	
   6.7900000e+02	   1.4809886e-07	   9.0570655e-09	   1.2306527e-09	   1.0149039e-10	   4.0087021e-11	   2.1748673e-12	
   6.8000000e+02	   1.4863346e-07	   9.1097468e-09	   1.2399692e-09	   1.0253941e-10	   4.0542224e-11	   2.2082983e-12	
   6.8100000e+02	   1.4913332e-07	   9.1578305e-09	   1.2483674e-09	   1.0347653e-10	   4.0947636e-11	   2.2381169e-12	
   6.8200000e+02	   1.4963493e-07	   9.2062470e-09	   1.2568693e-09	   1.0442760e-10	   4.1359273e-11	   2.2685746e-12	
   6.8300000e+02	   1.5017648e-07	   9.2601645e-09	   1.2665478e-09	   1.0552518e-10	   4.1836225e-11	   2.3041745e-12	
   6.8400000e+02	   1.5076716e-07	   9.3208338e-09	   1.2776681e-09	   1.0680215e-10	   4.2393076e-11	   2.3460493e-12	
   6.8500000e+02	   1.5138173e-07	   9.3848283e-09	   1.2895251e-09	   1.0817081e-10	   4.2990462e-11	   2.3912049e-12	
   6.8600000e+02	   1.5197006e-07	   9.4452950e-09	   1.3006963e-09	   1.0945312e-10	   4.3548461e-11	   2.4334906e-12	
   6.8700000e+02	   1.5247000e-07	   9.4936987e-09	   1.3094004e-09	   1.1042495e-10	   4.3966400e-11	   2.4650959e-12	
   6.8800000e+02	   1.5283746e-07	   9.5239520e-09	   1.3143606e-09	   1.1092484e-10	   4.4171755e-11	   2.4803559e-12	
   6.8900000e+02	   1.5309421e-07	   9.5389914e-09	   1.3161830e-09	   1.1102818e-10	   4.4198528e-11	   2.4818820e-12	
   6.9000000e+02	   1.5334019e-07	   9.5525015e-09	   1.3177228e-09	   1.1109403e-10	   4.4208313e-11	   2.4822395e-12	
   6.9100000e+02	   1.5369019e-07	   9.5802459e-09	   1.3222740e-09	   1.1153756e-10	   4.4388013e-11	   2.4960012e-12	
   6.9200000e+02	   1.5418737e-07	   9.6281759e-09	   1.3310808e-09	   1.1251621e-10	   4.4808533e-11	   2.5287102e-12	
   6.9300000e+02	   1.5476854e-07	   9.6876381e-09	   1.3423269e-09	   1.1380117e-10	   4.5366833e-11	   2.5722894e-12	
   6.9400000e+02	   1.5530824e-07	   9.7413914e-09	   1.3523922e-09	   1.1493528e-10	   4.5856883e-11	   2.6105529e-12	
   6.9500000e+02	   1.5571838e-07	   9.7773356e-09	   1.3587335e-09	   1.1559736e-10	   4.6133916e-11	   2.6321107e-12	
   6.9600000e+02	   1.5601659e-07	   9.7979309e-09	   1.3618659e-09	   1.1585318e-10	   4.6227610e-11	   2.6392967e-12	
   6.9700000e+02	   1.5629717e-07	   9.8161995e-09	   1.3645238e-09	   1.1604936e-10	   4.6294283e-11	   2.6444230e-12	
   6.9800000e+02	   1.5665020e-07	   9.8445842e-09	   1.3693202e-09	   1.1651703e-10	   4.6483232e-11	   2.6592548e-12	
   6.9900000e+02	   1.5710271e-07	   9.8868290e-09	   1.3770388e-09	   1.1735557e-10	   4.6839243e-11	   2.6873136e-12	
   7.0000000e+02	   1.5761277e-07	   9.9371633e-09	   1.3864615e-09	   1.1841071e-10	   4.7292675e-11	   2.7230769e-12	
   7.0100000e+02	   1.5811174e-07	   9.9861239e-09	   1.3955915e-09	   1.1942920e-10	   4.7729192e-11	   2.7574685e-12	
   7.0200000e+02	   1.5855284e-07	   1.0027250e-08	   1.4030617e-09	   1.2023735e-10	   4.8070292e-11	   2.7842274e-12	
   7.0300000e+02	   1.5893155e-07	   1.0059925e-08	   1.4087375e-09	   1.2081803e-10	   4.8308192e-11	   2.8027090e-12	
   7.0400000e+02	   1.5928598e-07	   1.0089468e-08	   1.4137432e-09	   1.2131503e-10	   4.8507926e-11	   2.8181152e-12	
   7.0500000e+02	   1.5968757e-07	   1.0125856e-08	   1.4201955e-09	   1.2199967e-10	   4.8792374e-11	   2.8403370e-12	
   7.0600000e+02	   1.6020571e-07	   1.0178804e-08	   1.4301598e-09	   1.2313710e-10	   4.9281653e-11	   2.8790778e-12	
   7.0700000e+02	   1.6084615e-07	   1.0249174e-08	   1.4438214e-09	   1.2475116e-10	   4.9986468e-11	   2.9352252e-12	
   7.0800000e+02	   1.6152589e-07	   1.0325435e-08	   1.4587281e-09	   1.2652665e-10	   5.0763731e-11	   2.9972276e-12	
   7.0900000e+02	   1.6213122e-07	   1.0391731e-08	   1.4715028e-09	   1.2802851e-10	   5.1415872e-11	   3.0490795e-12	
   7.1000000e+02	   1.6259998e-07	   1.0439353e-08	   1.4802854e-09	   1.2901596e-10	   5.1833397e-11	   3.0818583e-12	
   7.1100000e+02	   1.6295364e-07	   1.0471274e-08	   1.4857086e-09	   1.2956981e-10	   5.2052916e-11	   3.0985141e-12	
   7.1200000e+02	   1.6327628e-07	   1.0499271e-08	   1.4902948e-09	   1.3001663e-10	   5.2222991e-11	   3.1111935e-12	
   7.1300000e+02	   1.6366780e-07	   1.0537386e-08	   1.4970613e-09	   1.3074912e-10	   5.2522551e-11	   3.1346183e-12	
   7.1400000e+02	   1.6419898e-07	   1.0595601e-08	   1.5081640e-09	   1.3204988e-10	   5.3080698e-11	   3.1795060e-12	
   7.1500000e+02	   1.6488642e-07	   1.0676289e-08	   1.5241303e-09	   1.3399096e-10	   5.3930850e-11	   3.2487609e-12	
   7.1600000e+02	   1.6569129e-07	   1.0773980e-08	   1.5437994e-09	   1.3642421e-10	   5.5006124e-11	   3.3370058e-12	
   7.1700000e+02	   1.6653921e-07	   1.0878109e-08	   1.5648992e-09	   1.3905398e-10	   5.6172043e-11	   3.4331524e-12	
   7.1800000e+02	   1.6734986e-07	   1.0977160e-08	   1.5849319e-09	   1.4155116e-10	   5.7278246e-11	   3.5246013e-12	
   7.1900000e+02	   1.6806214e-07	   1.1062267e-08	   1.6019552e-09	   1.4365640e-10	   5.8205759e-11	   3.6012128e-12	
   7.2000000e+02	   1.6864254e-07	   1.1128457e-08	   1.6148636e-09	   1.4521912e-10	   5.8885094e-11	   3.6569128e-12	
   7.2100000e+02	   1.6907631e-07	   1.1173438e-08	   1.6231346e-09	   1.4616573e-10	   5.9282049e-11	   3.6885914e-12	
   7.2200000e+02	   1.6936449e-07	   1.1197232e-08	   1.6267576e-09	   1.4649210e-10	   5.9394514e-11	   3.6959256e-12	
   7.2300000e+02	   1.6953667e-07	   1.1204030e-08	   1.6266462e-09	   1.4631962e-10	   5.9278340e-11	   3.6836306e-12	
   7.2400000e+02	   1.6964474e-07	   1.1201290e-08	   1.6244401e-09	   1.4586863e-10	   5.9035098e-11	   3.6604119e-12	
   7.2500000e+02	   1.6972179e-07	   1.1193783e-08	   1.6211943e-09	   1.4528204e-10	   5.8730948e-11	   3.6319966e-12	
   7.2600000e+02	   1.6976940e-07	   1.1181716e-08	   1.6169584e-09	   1.4456756e-10	   5.8369744e-11	   3.5987564e-12	
   7.2700000e+02	   1.6980920e-07	   1.1168125e-08	   1.6123918e-09	   1.4381228e-10	   5.7991276e-11	   3.5640133e-12	
   7.2800000e+02	   1.6990294e-07	   1.1161801e-08	   1.6094078e-09	   1.4326994e-10	   5.7711522e-11	   3.5375170e-12	
   7.2900000e+02	   1.7007269e-07	   1.1165869e-08	   1.6086902e-09	   1.4303214e-10	   5.7572534e-11	   3.5228327e-12	
   7.3000000e+02	   1.7023926e-07	   1.1168966e-08	   1.6077726e-09	   1.4277375e-10	   5.7426083e-11	   3.5075402e-12	
   7.3100000e+02	   1.7028782e-07	   1.1154674e-08	   1.6030960e-09	   1.4202629e-10	   5.7058666e-11	   3.4737946e-12	
   7.3200000e+02	   1.7016021e-07	   1.1114796e-08	   1.5929057e-09	   1.4056309e-10	   5.6367722e-11	   3.4132231e-12	
   7.3300000e+02	   1.6985495e-07	   1.1049374e-08	   1.5772590e-09	   1.3840042e-10	   5.5362234e-11	   3.3269959e-12	
   7.3400000e+02	   1.6938430e-07	   1.0960509e-08	   1.5566699e-09	   1.3561626e-10	   5.4079625e-11	   3.2187491e-12	
   7.3500000e+02	   1.6876874e-07	   1.0851461e-08	   1.5318974e-09	   1.3231913e-10	   5.2570878e-11	   3.0931655e-12	
   7.3600000e+02	   1.6804674e-07	   1.0727999e-08	   1.5042294e-09	   1.2868424e-10	   5.0916749e-11	   2.9572509e-12	
   7.3700000e+02	   1.6726056e-07	   1.0596363e-08	   1.4750415e-09	   1.2489569e-10	   4.9201511e-11	   2.8181627e-12	
   7.3800000e+02	   1.6644863e-07	   1.0462056e-08	   1.4455152e-09	   1.2110596e-10	   4.7493938e-11	   2.6814870e-12	
   7.3900000e+02	   1.6567502e-07	   1.0333752e-08	   1.4174329e-09	   1.1753205e-10	   4.5889558e-11	   2.5543907e-12	
   7.4000000e+02	   1.6505062e-07	   1.0226200e-08	   1.3937862e-09	   1.1453233e-10	   4.4545106e-11	   2.4483577e-12	
   7.4100000e+02	   1.6470400e-07	   1.0156390e-08	   1.3780039e-09	   1.1251496e-10	   4.3638632e-11	   2.3763150e-12	
   7.4200000e+02	   1.6474521e-07	   1.0138822e-08	   1.3730059e-09	   1.1182672e-10	   4.3321259e-11	   2.3491833e-12	
   7.4300000e+02	   1.6526637e-07	   1.0185845e-08	   1.3813172e-09	   1.1277491e-10	   4.3728307e-11	   2.3770645e-12	
   7.4400000e+02	   1.6634128e-07	   1.0307864e-08	   1.4051611e-09	   1.1564739e-10	   4.4989728e-11	   2.4704295e-12	
   7.4500000e+02	   1.6798397e-07	   1.0507848e-08	   1.4453456e-09	   1.2057905e-10	   4.7171789e-11	   2.6358965e-12	
   7.4600000e+02	   1.7010484e-07	   1.0775127e-08	   1.4999294e-09	   1.2737856e-10	   5.0198761e-11	   2.8699251e-12	
   7.4700000e+02	   1.7251739e-07	   1.1085581e-08	   1.5641274e-09	   1.3549275e-10	   5.3832813e-11	   3.1562385e-12	
   7.4800000e+02	   1.7499019e-07	   1.1408004e-08	   1.6314999e-09	   1.4413034e-10	   5.7724463e-11	   3.4685831e-12	
   7.4900000e+02	   1.7731553e-07	   1.1713351e-08	   1.6958507e-09	   1.5249277e-10	   6.1513953e-11	   3.7781712e-12	
   7.5000000e+02	   1.7936713e-07	   1.1983111e-08	   1.7530673e-09	   1.6001988e-10	   6.4943448e-11	   4.0630023e-12	
   7.5100000e+02	   1.8112085e-07	   1.2212905e-08	   1.8020158e-09	   1.6652897e-10	   6.7923987e-11	   4.3143106e-12	
   7.5200000e+02	   1.8262099e-07	   1.2408175e-08	   1.8437020e-09	   1.7212062e-10	   7.0495565e-11	   4.5339779e-12	
   7.5300000e+02	   1.8390854e-07	   1.2573973e-08	   1.8790572e-09	   1.7688622e-10	   7.2693940e-11	   4.7234481e-12	
   7.5400000e+02	   1.8499385e-07	   1.2711100e-08	   1.9081145e-09	   1.8080247e-10	   7.4503290e-11	   4.8800050e-12	
   7.5500000e+02	   1.8590990e-07	   1.2824095e-08	   1.9318242e-09	   1.8398833e-10	   7.5976736e-11	   5.0077413e-12	
   7.5600000e+02	   1.8672925e-07	   1.2923584e-08	   1.9525536e-09	   1.8676924e-10	   7.7265180e-11	   5.1198584e-12	
   7.5700000e+02	   1.8747219e-07	   1.3012290e-08	   1.9708652e-09	   1.8921384e-10	   7.8398877e-11	   5.2185135e-12	
   7.5800000e+02	   1.8806834e-07	   1.3079259e-08	   1.9842042e-09	   1.9094838e-10	   7.9200486e-11	   5.2869673e-12	
   7.5900000e+02	   1.8849426e-07	   1.3120819e-08	   1.9917152e-09	   1.9184817e-10	   7.9610906e-11	   5.3196515e-12	
   7.6000000e+02	   1.8889081e-07	   1.3158420e-08	   1.9983365e-09	   1.9262391e-10	   7.9965319e-11	   5.3475678e-12	
   7.6100000e+02	   1.8946232e-07	   1.3223258e-08	   2.0112612e-09	   1.9431304e-10	   8.0753480e-11	   5.4161506e-12	
   7.6200000e+02	   1.9028896e-07	   1.3327620e-08	   2.0333346e-09	   1.9732858e-10	   8.2170799e-11	   5.5436705e-12	
   7.6300000e+02	   1.9126021e-07	   1.3454577e-08	   2.0606514e-09	   2.0110668e-10	   8.3950754e-11	   5.7053546e-12	
   7.6400000e+02	   1.9216043e-07	   1.3570963e-08	   2.0855271e-09	   2.0453120e-10	   8.5564557e-11	   5.8516906e-12	
   7.6500000e+02	   1.9282798e-07	   1.3651836e-08	   2.1021692e-09	   2.0675780e-10	   8.6611503e-11	   5.9449889e-12	
   7.6600000e+02	   1.9325234e-07	   1.3695514e-08	   2.1101803e-09	   2.0772705e-10	   8.7062910e-11	   5.9824616e-12	
   7.6700000e+02	   1.9353143e-07	   1.3717049e-08	   2.1130544e-09	   2.0794754e-10	   8.7159711e-11	   5.9867190e-12	
   7.6800000e+02	   1.9378009e-07	   1.3734138e-08	   2.1149054e-09	   2.0801983e-10	   8.7186830e-11	   5.9845920e-12	
   7.6900000e+02	   1.9408602e-07	   1.3760325e-08	   2.1188880e-09	   2.0840568e-10	   8.7363634e-11	   5.9968072e-12	
   7.7000000e+02	   1.9448169e-07	   1.3800616e-08	   2.1261693e-09	   2.0927620e-10	   8.7771404e-11	   6.0310509e-12	
   7.7100000e+02	   1.9490329e-07	   1.3845083e-08	   2.1344313e-09	   2.1029067e-10	   8.8247662e-11	   6.0718727e-12	
   7.7200000e+02	   1.9522752e-07	   1.3874558e-08	   2.1391978e-09	   2.1079087e-10	   8.8478667e-11	   6.0894344e-12	
   7.7300000e+02	   1.9542723e-07	   1.3884788e-08	   2.1394712e-09	   2.1062935e-10	   8.8393939e-11	   6.0769805e-12	
   7.7400000e+02	   1.9565381e-07	   1.3899249e-08	   2.1407290e-09	   2.1061084e-10	   8.8376801e-11	   6.0709010e-12	
   7.7500000e+02	   1.9609619e-07	   1.3947303e-08	   2.1498349e-09	   2.1174630e-10	   8.8909333e-11	   6.1171169e-12	
   7.7600000e+02	   1.9680016e-07	   1.4036152e-08	   2.1684919e-09	   2.1429073e-10	   9.0113880e-11	   6.2275218e-12	
   7.7700000e+02	   1.9766357e-07	   1.4150012e-08	   2.1930348e-09	   2.1770932e-10	   9.1736291e-11	   6.3781962e-12	
   7.7800000e+02	   1.9855325e-07	   1.4268207e-08	   2.2186427e-09	   2.2129460e-10	   9.3439530e-11	   6.5371782e-12	
   7.7900000e+02	   1.9939790e-07	   1.4379648e-08	   2.2427270e-09	   2.2466599e-10	   9.5042108e-11	   6.6872218e-12	
   7.8000000e+02	   2.0018857e-07	   1.4482895e-08	   2.2649445e-09	   2.2777154e-10	   9.6518846e-11	   6.8258433e-12	
   7.8100000e+02	   2.0090590e-07	   1.4574744e-08	   2.2845091e-09	   2.3048744e-10	   9.7808912e-11	   6.9467555e-12	
   7.8200000e+02	   2.0148736e-07	   1.4645159e-08	   2.2990116e-09	   2.3244500e-10	   9.8733468e-11	   7.0320805e-12	
   7.8300000e+02	   2.0189783e-07	   1.4688526e-08	   2.3071036e-09	   2.3343778e-10	   9.9192331e-11	   7.0718171e-12	
   7.8400000e+02	   2.0218548e-07	   1.4712509e-08	   2.3106025e-09	   2.3373895e-10	   9.9316916e-11	   7.0788639e-12	
   7.8500000e+02	   2.0242252e-07	   1.4728605e-08	   2.3122411e-09	   2.3376083e-10	   9.9305929e-11	   7.0727881e-12	
   7.8600000e+02	   2.0264033e-07	   1.4741813e-08	   2.3132073e-09	   2.3368252e-10	   9.9245724e-11	   7.0620897e-12	
   7.8700000e+02	   2.0286617e-07	   1.4756454e-08	   2.3145240e-09	   2.3365759e-10	   9.9210254e-11	   7.0539946e-12	
   7.8800000e+02	   2.0316073e-07	   1.4782134e-08	   2.3184677e-09	   2.3402820e-10	   9.9364329e-11	   7.0646255e-12	
   7.8900000e+02	   2.0355636e-07	   1.4823963e-08	   2.3262490e-09	   2.3497629e-10	   9.9795618e-11	   7.1025459e-12	
   7.9000000e+02	   2.0400494e-07	   1.4874303e-08	   2.3360549e-09	   2.3622884e-10	   1.0037274e-10	   7.1548507e-12	
   7.9100000e+02	   2.0444384e-07	   1.4923227e-08	   2.3455319e-09	   2.3743203e-10	   1.0092550e-10	   7.2048684e-12	
   7.9200000e+02	   2.0487243e-07	   1.4970650e-08	   2.3546642e-09	   2.3858444e-10	   1.0145351e-10	   7.2526138e-12	
   7.9300000e+02	   2.0532100e-07	   1.5021379e-08	   2.3645942e-09	   2.3985855e-10	   1.0204005e-10	   7.3062746e-12	
   7.9400000e+02	   2.0578930e-07	   1.5075352e-08	   2.3753054e-09	   2.4125146e-10	   1.0268373e-10	   7.3656752e-12	
   7.9500000e+02	   2.0625580e-07	   1.5129131e-08	   2.3859793e-09	   2.4263946e-10	   1.0332497e-10	   7.4249243e-12	
   7.9600000e+02	   2.0671180e-07	   1.5181328e-08	   2.3962855e-09	   2.4397268e-10	   1.0393983e-10	   7.4816557e-12	
   7.9700000e+02	   2.0715133e-07	   1.5230966e-08	   2.4059890e-09	   2.4521503e-10	   1.0451090e-10	   7.5340991e-12	
   7.9800000e+02	   2.0754857e-07	   1.5273892e-08	   2.4140942e-09	   2.4621470e-10	   1.0496477e-10	   7.5749011e-12	
   7.9900000e+02	   2.0786797e-07	   1.5304408e-08	   2.4192406e-09	   2.4676505e-10	   1.0520168e-10	   7.5941319e-12	
   8.0000000e+02	   2.0807659e-07	   1.5317274e-08	   2.4201848e-09	   2.4667911e-10	   1.0513174e-10	   7.5829462e-12	
   8.0100000e+02	   2.0813211e-07	   1.5305794e-08	   2.4153466e-09	   2.4572101e-10	   1.0464185e-10	   7.5303244e-12	
   8.0200000e+02	   2.0800006e-07	   1.5264527e-08	   2.4034453e-09	   2.4370032e-10	   1.0364087e-10	   7.4274292e-12	
   8.0300000e+02	   2.0773074e-07	   1.5201485e-08	   2.3863890e-09	   2.4090574e-10	   1.0226817e-10	   7.2880380e-12	
   8.0400000e+02	   2.0749654e-07	   1.5144044e-08	   2.3706735e-09	   2.3831475e-10	   1.0099440e-10	   7.1584044e-12	
   8.0500000e+02	   2.0750427e-07	   1.5125014e-08	   2.3640756e-09	   2.3709589e-10	   1.0038186e-10	   7.0936916e-12	
   8.0600000e+02	   2.0786936e-07	   1.5162698e-08	   2.3709302e-09	   2.3789954e-10	   1.0074335e-10	   7.1245478e-12	
   8.0700000e+02	   2.0856634e-07	   1.5253083e-08	   2.3902916e-09	   2.4058471e-10	   1.0201132e-10	   7.2444285e-12	
   8.0800000e+02	   2.0945712e-07	   1.5374334e-08	   2.4169993e-09	   2.4437928e-10	   1.0381497e-10	   7.4171609e-12	
   8.0900000e+02	   2.1035732e-07	   1.5497185e-08	   2.4441180e-09	   2.4824156e-10	   1.0565328e-10	   7.5935909e-12	
   8.1000000e+02	   2.1111168e-07	   1.5596854e-08	   2.4657466e-09	   2.5127934e-10	   1.0709592e-10	   7.7311196e-12	
   8.1100000e+02	   2.1165493e-07	   1.5662815e-08	   2.4793586e-09	   2.5310645e-10	   1.0795585e-10	   7.8109670e-12	
   8.1200000e+02	   2.1202392e-07	   1.5700876e-08	   2.4863243e-09	   2.5392753e-10	   1.0833133e-10	   7.8426938e-12	
   8.1300000e+02	   2.1230876e-07	   1.5725417e-08	   2.4900697e-09	   2.5426110e-10	   1.0847261e-10	   7.8511135e-12	
   8.1400000e+02	   2.1259865e-07	   1.5750713e-08	   2.4940045e-09	   2.5462507e-10	   1.0863002e-10	   7.8611731e-12	
   8.1500000e+02	   2.1297008e-07	   1.5789058e-08	   2.5010737e-09	   2.5546847e-10	   1.0902093e-10	   7.8946559e-12	
   8.1600000e+02	   2.1348874e-07	   1.5851063e-08	   2.5138287e-09	   2.5718242e-10	   1.0983511e-10	   7.9707171e-12	
   8.1700000e+02	   2.1419022e-07	   1.5942571e-08	   2.5336920e-09	   2.5998863e-10	   1.1118085e-10	   8.1005277e-12	
   8.1800000e+02	   2.1506564e-07	   1.6062333e-08	   2.5603997e-09	   2.6385457e-10	   1.1304397e-10	   8.2831804e-12	
   8.1900000e+02	   2.1607661e-07	   1.6204366e-08	   2.5925569e-09	   2.6857579e-10	   1.1532714e-10	   8.5094841e-12	
   8.2000000e+02	   2.1716251e-07	   1.6358965e-08	   2.6278456e-09	   2.7380055e-10	   1.1786038e-10	   8.7625419e-12	
   8.2100000e+02	   2.1821977e-07	   1.6509189e-08	   2.6621465e-09	   2.7888748e-10	   1.2033048e-10	   9.0101167e-12	
   8.2200000e+02	   2.1912361e-07	   1.6634468e-08	   2.6904247e-09	   2.8304555e-10	   1.2234966e-10	   9.2118313e-12	
   8.2300000e+02	   2.1983301e-07	   1.6728007e-08	   2.7110091e-09	   2.8601049e-10	   1.2378803e-10	   9.3540582e-12	
   8.2400000e+02	   2.2046199e-07	   1.6808653e-08	   2.7285207e-09	   2.8851020e-10	   1.2500277e-10	   9.4741423e-12	
   8.2500000e+02	   2.2120285e-07	   1.6908296e-08	   2.7508004e-09	   2.9178448e-10	   1.2660322e-10	   9.6361036e-12	
   8.2600000e+02	   2.2216885e-07	   1.7045779e-08	   2.7824928e-09	   2.9657038e-10	   1.2895215e-10	   9.8782407e-12	
   8.2700000e+02	   2.2328464e-07	   1.7208507e-08	   2.8204782e-09	   3.0236946e-10	   1.3180350e-10	   1.0174352e-11	
   8.2800000e+02	   2.2430306e-07	   1.7355085e-08	   2.8544891e-09	   3.0753807e-10	   1.3434520e-10	   1.0437742e-11	
   8.2900000e+02	   2.2495874e-07	   1.7440978e-08	   2.8734620e-09	   3.1030124e-10	   1.3569945e-10	   1.0574427e-11	
   8.3000000e+02	   2.2515294e-07	   1.7449545e-08	   2.8732478e-09	   3.0999006e-10	   1.3553464e-10	   1.0548671e-11	
   8.3100000e+02	   2.2504260e-07	   1.7407068e-08	   2.8603616e-09	   3.0764640e-10	   1.3436526e-10	   1.0415322e-11	
   8.3200000e+02	   2.2497409e-07	   1.7371720e-08	   2.8492581e-09	   3.0558977e-10	   1.3333855e-10	   1.0297247e-11	
   8.3300000e+02	   2.2528035e-07	   1.7399550e-08	   2.8538925e-09	   3.0606572e-10	   1.3356653e-10	   1.0313986e-11	
   8.3400000e+02	   2.2609129e-07	   1.7512622e-08	   2.8797957e-09	   3.0997284e-10	   1.3549605e-10	   1.0514176e-11	
   8.3500000e+02	   2.2729783e-07	   1.7692823e-08	   2.9225094e-09	   3.1660533e-10	   1.3878001e-10	   1.0861332e-11	
   8.3600000e+02	   2.2865538e-07	   1.7899124e-08	   2.9718482e-09	   3.2433102e-10	   1.4261147e-10	   1.1269203e-11	
   8.3700000e+02	   2.2993749e-07	   1.8093347e-08	   3.0182953e-09	   3.3161581e-10	   1.4623005e-10	   1.1655870e-11	
   8.3800000e+02	   2.3102070e-07	   1.8254427e-08	   3.0565433e-09	   3.3759132e-10	   1.4920262e-10	   1.1973747e-11	
   8.3900000e+02	   2.3184810e-07	   1.8372282e-08	   3.0839725e-09	   3.4181060e-10	   1.5130244e-10	   1.2196613e-11	
   8.4000000e+02	   2.3237886e-07	   1.8439510e-08	   3.0986233e-09	   3.4393114e-10	   1.5235408e-10	   1.2303619e-11	
   8.4100000e+02	   2.3261990e-07	   1.8457081e-08	   3.1006937e-09	   3.4397462e-10	   1.5236599e-10	   1.2294920e-11	
   8.4200000e+02	   2.3266944e-07	   1.8441865e-08	   3.0944564e-09	   3.4264535e-10	   1.5169041e-10	   1.2209597e-11	
   8.4300000e+02	   2.3268289e-07	   1.8420663e-08	   3.0867213e-09	   3.4107078e-10	   1.5089238e-10	   1.2110691e-11	
   8.4400000e+02	   2.3280250e-07	   1.8417989e-08	   3.0837118e-09	   3.4028002e-10	   1.5048751e-10	   1.2055640e-11	
   8.4500000e+02	   2.3311522e-07	   1.8448816e-08	   3.0892241e-09	   3.4089960e-10	   1.5078963e-10	   1.2079307e-11	
   8.4600000e+02	   2.3362750e-07	   1.8514252e-08	   3.1035376e-09	   3.4297521e-10	   1.5182171e-10	   1.2184201e-11	
   8.4700000e+02	   2.3424299e-07	   1.8597668e-08	   3.1224299e-09	   3.4580852e-10	   1.5323394e-10	   1.2331321e-11	
   8.4800000e+02	   2.3479359e-07	   1.8670044e-08	   3.1385297e-09	   3.4818015e-10	   1.5441522e-10	   1.2452525e-11	
   8.4900000e+02	   2.3515082e-07	   1.8709181e-08	   3.1462004e-09	   3.4915803e-10	   1.5489858e-10	   1.2495762e-11	
   8.5000000e+02	   2.3531498e-07	   1.8715130e-08	   3.1454603e-09	   3.4874670e-10	   1.5468672e-10	   1.2461424e-11	
   8.5100000e+02	   2.3538799e-07	   1.8705476e-08	   3.1407808e-09	   3.4768729e-10	   1.5415162e-10	   1.2391069e-11	
   8.5200000e+02	   2.3548747e-07	   1.8700511e-08	   3.1373152e-09	   3.4683228e-10	   1.5372078e-10	   1.2332343e-11	
   8.5300000e+02	   2.3569089e-07	   1.8713587e-08	   3.1384496e-09	   3.4674061e-10	   1.5367430e-10	   1.2316386e-11	
   8.5400000e+02	   2.3602003e-07	   1.8748451e-08	   3.1451315e-09	   3.4756792e-10	   1.5409005e-10	   1.2351812e-11	
   8.5500000e+02	   2.3644613e-07	   1.8800150e-08	   3.1561021e-09	   3.4910582e-10	   1.5486340e-10	   1.2426965e-11	
   8.5600000e+02	   2.3690929e-07	   1.8858361e-08	   3.1687426e-09	   3.5092165e-10	   1.5577730e-10	   1.2517719e-11	
   8.5700000e+02	   2.3734756e-07	   1.8912406e-08	   3.1803434e-09	   3.5256779e-10	   1.5660712e-10	   1.2599110e-11	
   8.5800000e+02	   2.3771300e-07	   1.8954015e-08	   3.1888056e-09	   3.5369735e-10	   1.5717862e-10	   1.2651765e-11	
   8.5900000e+02	   2.3796447e-07	   1.8976089e-08	   3.1923273e-09	   3.5401266e-10	   1.5734212e-10	   1.2659065e-11	
   8.6000000e+02	   2.3807054e-07	   1.8973209e-08	   3.1895358e-09	   3.5328744e-10	   1.5698388e-10	   1.2608419e-11	
   8.6100000e+02	   2.3804287e-07	   1.8947410e-08	   3.1809511e-09	   3.5160851e-10	   1.5614742e-10	   1.2504749e-11	
   8.6200000e+02	   2.3795276e-07	   1.8911011e-08	   3.1697016e-09	   3.4949320e-10	   1.5509241e-10	   1.2376988e-11	
   8.6300000e+02	   2.3789020e-07	   1.8879540e-08	   3.1597251e-09	   3.4759127e-10	   1.5414486e-10	   1.2261341e-11	
   8.6400000e+02	   2.3791193e-07	   1.8862764e-08	   3.1534907e-09	   3.4630840e-10	   1.5350806e-10	   1.2180265e-11	
   8.6500000e+02	   2.3803072e-07	   1.8862848e-08	   3.1515374e-09	   3.4573111e-10	   1.5322498e-10	   1.2138368e-11	
   8.6600000e+02	   2.3822584e-07	   1.8876208e-08	   3.1529523e-09	   3.4570789e-10	   1.5321939e-10	   1.2127130e-11	
   8.6700000e+02	   2.3844425e-07	   1.8893742e-08	   3.1554381e-09	   3.4586206e-10	   1.5330251e-10	   1.2125785e-11	
   8.6800000e+02	   2.3860761e-07	   1.8902047e-08	   3.1556215e-09	   3.4564300e-10	   1.5319874e-10	   1.2104182e-11	
   8.6900000e+02	   2.3864571e-07	   1.8889144e-08	   3.1504967e-09	   3.4456206e-10	   1.5266380e-10	   1.2035747e-11	
   8.7000000e+02	   2.3853437e-07	   1.8850964e-08	   3.1390545e-09	   3.4245799e-10	   1.5161747e-10	   1.1911960e-11	
   8.7100000e+02	   2.3830601e-07	   1.8793114e-08	   3.1227175e-09	   3.3956579e-10	   1.5017771e-10	   1.1745931e-11	
   8.7200000e+02	   2.3802735e-07	   1.8727026e-08	   3.1043653e-09	   3.3635581e-10	   1.4857988e-10	   1.1563446e-11	
   8.7300000e+02	   2.3775711e-07	   1.8662745e-08	   3.0865209e-09	   3.3323884e-10	   1.4702934e-10	   1.1386899e-11	
   8.7400000e+02	   2.3751371e-07	   1.8603431e-08	   3.0699800e-09	   3.3034481e-10	   1.4559106e-10	   1.1223401e-11	
   8.7500000e+02	   2.3727616e-07	   1.8545556e-08	   3.0538683e-09	   3.2753392e-10	   1.4419553e-10	   1.1065547e-11	
   8.7600000e+02	   2.3700994e-07	   1.8483313e-08	   3.0367459e-09	   3.2457615e-10	   1.4272842e-10	   1.0901171e-11	
   8.7700000e+02	   2.3669471e-07	   1.8413310e-08	   3.0177776e-09	   3.2133922e-10	   1.4112416e-10	   1.0723368e-11	
   8.7800000e+02	   2.3632877e-07	   1.8335331e-08	   2.9969234e-09	   3.1781981e-10	   1.3938160e-10	   1.0532211e-11	
   8.7900000e+02	   2.3590197e-07	   1.8247836e-08	   2.9738376e-09	   3.1397044e-10	   1.3747845e-10	   1.0325824e-11	
   8.8000000e+02	   2.3536965e-07	   1.8143658e-08	   2.9468172e-09	   3.0953533e-10	   1.3529044e-10	   1.0092028e-11	
   8.8100000e+02	   2.3465915e-07	   1.8011159e-08	   2.9131027e-09	   3.0410093e-10	   1.3261677e-10	   9.8111705e-12	
   8.8200000e+02	   2.3369923e-07	   1.7839177e-08	   2.8701004e-09	   2.9728990e-10	   1.2927634e-10	   9.4662437e-12	
   8.8300000e+02	   2.3244712e-07	   1.7621515e-08	   2.8164771e-09	   2.8893144e-10	   1.2519148e-10	   9.0514308e-12	
   8.8400000e+02	   2.3089574e-07	   1.7358091e-08	   2.7524297e-09	   2.7910028e-10	   1.2040661e-10	   8.5737697e-12	
   8.8500000e+02	   2.2905647e-07	   1.7052088e-08	   2.6789856e-09	   2.6800549e-10	   1.1503291e-10	   8.0472529e-12	
   8.8600000e+02	   2.2693618e-07	   1.6706188e-08	   2.5970868e-09	   2.5584761e-10	   1.0917789e-10	   7.4854863e-12	
   8.8700000e+02	   2.2452664e-07	   1.6320908e-08	   2.5071979e-09	   2.4275894e-10	   1.0291612e-10	   6.8986850e-12	
   8.8800000e+02	   2.2180713e-07	   1.5895093e-08	   2.4094295e-09	   2.2882299e-10	   9.6298622e-11	   6.2945868e-12	
   8.8900000e+02	   2.1875594e-07	   1.5427706e-08	   2.3039474e-09	   2.1413200e-10	   8.9380149e-11	   5.6808862e-12	
   8.9000000e+02	   2.1537043e-07	   1.4920684e-08	   2.1915795e-09	   1.9886391e-10	   8.2254103e-11	   5.0679672e-12	
   8.9100000e+02	   2.1168946e-07	   1.4381898e-08	   2.0743970e-09	   1.8334781e-10	   7.5080828e-11	   4.4707157e-12	
   8.9200000e+02	   2.0779558e-07	   1.3825088e-08	   1.9556320e-09	   1.6804061e-10	   6.8074785e-11	   3.9069563e-12	
   8.9300000e+02	   2.0378605e-07	   1.3265368e-08	   1.8386557e-09	   1.5338580e-10	   6.1438432e-11	   3.3918853e-12	
   8.9400000e+02	   1.9974558e-07	   1.2715063e-08	   1.7260503e-09	   1.3968968e-10	   5.5305269e-11	   2.9335873e-12	
   8.9500000e+02	   1.9575006e-07	   1.2184093e-08	   1.6196844e-09	   1.2713372e-10	   4.9746434e-11	   2.5339710e-12	
   8.9600000e+02	   1.9188001e-07	   1.1681955e-08	   1.5211661e-09	   1.1584148e-10	   4.4803207e-11	   2.1919745e-12	
   8.9700000e+02	   1.8821588e-07	   1.1217344e-08	   1.4318284e-09	   1.0589001e-10	   4.0494654e-11	   1.9048326e-12	
   8.9800000e+02	   1.8482208e-07	   1.0796333e-08	   1.3524212e-09	   9.7284254e-11	   3.6808199e-11	   1.6678677e-12	
   8.9900000e+02	   1.8174049e-07	   1.0421795e-08	   1.2830487e-09	   8.9958013e-11	   3.3701375e-11	   1.4748835e-12	
   9.0000000e+02	   1.7900237e-07	   1.0095053e-08	   1.2235142e-09	   8.3816649e-11	   3.1120965e-11	   1.3195371e-12	
   9.0100000e+02	   1.7665160e-07	   9.8187918e-09	   1.1738724e-09	   7.8796943e-11	   2.9028571e-11	   1.1969086e-12	
   9.0200000e+02	   1.7475179e-07	   9.5980278e-09	   1.1346256e-09	   7.4889017e-11	   2.7409928e-11	   1.1040203e-12	
   9.0300000e+02	   1.7336264e-07	   9.4375817e-09	   1.1062979e-09	   7.2096129e-11	   2.6258371e-11	   1.0388577e-12	
   9.0400000e+02	   1.7251915e-07	   9.3398402e-09	   1.0890570e-09	   7.0398461e-11	   2.5559863e-11	   9.9947082e-13	
   9.0500000e+02	   1.7224233e-07	   9.3060854e-09	   1.0829584e-09	   6.9777440e-11	   2.5302939e-11	   9.8447882e-13	
   9.0600000e+02	   1.7255496e-07	   9.3384073e-09	   1.0882943e-09	   7.0251023e-11	   2.5493324e-11	   9.9387876e-13	
   9.0700000e+02	   1.7347360e-07	   9.4389347e-09	   1.1054781e-09	   7.1864659e-11	   2.6150529e-11	   1.0289068e-12	
   9.0800000e+02	   1.7499662e-07	   9.6085507e-09	   1.1348336e-09	   7.4673004e-11	   2.7300716e-11	   1.0917240e-12	
   9.0900000e+02	   1.7711196e-07	   9.8477530e-09	   1.1767462e-09	   7.8755736e-11	   2.8983507e-11	   1.1858851e-12	
   9.1000000e+02	   1.7980786e-07	   1.0157749e-08	   1.2318466e-09	   8.4235883e-11	   3.1259831e-11	   1.3168928e-12	
   9.1100000e+02	   1.8306505e-07	   1.0539415e-08	   1.3008146e-09	   9.1260796e-11	   3.4204420e-11	   1.4919288e-12	
   9.1200000e+02	   1.8684278e-07	   1.0991479e-08	   1.3840347e-09	   9.9967280e-11	   3.7891603e-11	   1.7191951e-12	
   9.1300000e+02	   1.9107747e-07	   1.1510049e-08	   1.4814699e-09	   1.1046484e-10	   4.2388046e-11	   2.0075559e-12	
   9.1400000e+02	   1.9569081e-07	   1.2089183e-08	   1.5927062e-09	   1.2283320e-10	   4.7750872e-11	   2.3663734e-12	
   9.1500000e+02	   2.0059808e-07	   1.2721542e-08	   1.7170144e-09	   1.3712034e-10	   5.4025640e-11	   2.8052380e-12	
   9.1600000e+02	   2.0571514e-07	   1.3399047e-08	   1.8534305e-09	   1.5334430e-10	   6.1246111e-11	   3.3338185e-12	
   9.1700000e+02	   2.1096832e-07	   1.4114168e-08	   2.0010033e-09	   1.7152014e-10	   6.9445895e-11	   3.9627479e-12	
   9.1800000e+02	   2.1631021e-07	   1.4862340e-08	   2.1593293e-09	   1.9173139e-10	   7.8691805e-11	   4.7065844e-12	
   9.1900000e+02	   2.2173273e-07	   1.5644169e-08	   2.3290737e-09	   2.1420510e-10	   8.9119670e-11	   5.5871839e-12	
   9.2000000e+02	   2.2724987e-07	   1.6462989e-08	   2.5114358e-09	   2.3923758e-10	   1.0089909e-10	   6.6305352e-12	
   9.2100000e+02	   2.3284133e-07	   1.7316213e-08	   2.7061515e-09	   2.6690408e-10	   1.1409362e-10	   7.8534275e-12	
   9.2200000e+02	   2.3841032e-07	   1.8188486e-08	   2.9098291e-09	   2.9679764e-10	   1.2853112e-10	   9.2496948e-12	
   9.2300000e+02	   2.4380474e-07	   1.9054343e-08	   3.1164081e-09	   3.2805591e-10	   1.4380804e-10	   1.0787498e-11	
   9.2400000e+02	   2.4887525e-07	   1.9887011e-08	   3.3191151e-09	   3.5961925e-10	   1.5940735e-10	   1.2417986e-11	
   9.2500000e+02	   2.5352240e-07	   2.0666409e-08	   3.5124359e-09	   3.9053482e-10	   1.7484680e-10	   1.4089539e-11	
   9.2600000e+02	   2.5770999e-07	   2.1382206e-08	   3.6930240e-09	   4.2012719e-10	   1.8976765e-10	   1.5757988e-11	
   9.2700000e+02	   2.6144627e-07	   2.2031524e-08	   3.8593110e-09	   4.4797388e-10	   2.0392914e-10	   1.7388110e-11	
   9.2800000e+02	   2.6476221e-07	   2.2615935e-08	   4.0109163e-09	   4.7384847e-10	   2.1718753e-10	   1.8954076e-11	
   9.2900000e+02	   2.6770515e-07	   2.3140745e-08	   4.1485680e-09	   4.9773424e-10	   2.2950859e-10	   2.0443059e-11	
   9.3000000e+02	   2.7032777e-07	   2.3612947e-08	   4.2735637e-09	   5.1973401e-10	   2.4092211e-10	   2.1850313e-11	
   9.3100000e+02	   2.7265974e-07	   2.4035792e-08	   4.3862809e-09	   5.3979999e-10	   2.5138096e-10	   2.3161645e-11	
   9.3200000e+02	   2.7470126e-07	   2.4407489e-08	   4.4858230e-09	   5.5767217e-10	   2.6072975e-10	   2.4349993e-11	
   9.3300000e+02	   2.7646240e-07	   2.4728647e-08	   4.5720605e-09	   5.7325501e-10	   2.6890396e-10	   2.5401439e-11	
   9.3400000e+02	   2.7799089e-07	   2.5007400e-08	   4.6470175e-09	   5.8686812e-10	   2.7606138e-10	   2.6331976e-11	
   9.3500000e+02	   2.7933889e-07	   2.5252934e-08	   4.7130508e-09	   5.9890171e-10	   2.8239870e-10	   2.7163151e-11	
   9.3600000e+02	   2.8052280e-07	   2.5467719e-08	   4.7706865e-09	   6.0941249e-10	   2.8793745e-10	   2.7894044e-11	
   9.3700000e+02	   2.8153671e-07	   2.5650126e-08	   4.8193558e-09	   6.1826334e-10	   2.9259857e-10	   2.8511381e-11	
   9.3800000e+02	   2.8239246e-07	   2.5802162e-08	   4.8595529e-09	   6.2552955e-10	   2.9641842e-10	   2.9018309e-11	
   9.3900000e+02	   2.8313478e-07	   2.5932392e-08	   4.8936523e-09	   6.3165255e-10	   2.9963058e-10	   2.9445312e-11	
   9.4000000e+02	   2.8382140e-07	   2.6052034e-08	   4.9248006e-09	   6.3722735e-10	   3.0255201e-10	   2.9834737e-11	
   9.4100000e+02	   2.8448651e-07	   2.6167720e-08	   4.9548571e-09	   6.4260507e-10	   3.0536966e-10	   3.0211494e-11	
   9.4200000e+02	   2.8512329e-07	   2.6278022e-08	   4.9833976e-09	   6.4769879e-10	   3.0803588e-10	   3.0568517e-11	
   9.4300000e+02	   2.8570610e-07	   2.6377813e-08	   5.0089510e-09	   6.5222092e-10	   3.1039553e-10	   3.0884098e-11	
   9.4400000e+02	   2.8622384e-07	   2.6464863e-08	   5.0308741e-09	   6.5604482e-10	   3.1238016e-10	   3.1148551e-11	
   9.4500000e+02	   2.8669032e-07	   2.6541887e-08	   5.0499379e-09	   6.5931846e-10	   3.1406910e-10	   3.1372666e-11	
   9.4600000e+02	   2.8713184e-07	   2.6614097e-08	   5.0676298e-09	   6.6232962e-10	   3.1561708e-10	   3.1577752e-11	
   9.4700000e+02	   2.8756886e-07	   2.6685555e-08	   5.0851106e-09	   6.6530335e-10	   3.1714520e-10	   3.1780522e-11	
   9.4800000e+02	   2.8800963e-07	   2.6757901e-08	   5.1028509e-09	   6.6833106e-10	   3.1870274e-10	   3.1987787e-11	
   9.4900000e+02	   2.8846096e-07	   2.6832508e-08	   5.1212475e-09	   6.7149073e-10	   3.2033192e-10	   3.2205473e-11	
   9.5000000e+02	   2.8893614e-07	   2.6912047e-08	   5.1410724e-09	   6.7493408e-10	   3.2211485e-10	   3.2445133e-11	
   9.5100000e+02	   2.8944463e-07	   2.6998425e-08	   5.1628776e-09	   6.7876980e-10	   3.2411041e-10	   3.2715068e-11	
   9.5200000e+02	   2.8998089e-07	   2.7090547e-08	   5.1863521e-09	   6.8293773e-10	   3.2628634e-10	   3.3010807e-11	
   9.5300000e+02	   2.9052982e-07	   2.7185398e-08	   5.2106318e-09	   6.8726912e-10	   3.2855166e-10	   3.3319634e-11	
   9.5400000e+02	   2.9107448e-07	   2.7279577e-08	   5.2347378e-09	   6.9157179e-10	   3.3080256e-10	   3.3626917e-11	
   9.5500000e+02	   2.9159142e-07	   2.7368347e-08	   5.2572989e-09	   6.9557474e-10	   3.3289221e-10	   3.3911784e-11	
   9.5600000e+02	   2.9204882e-07	   2.7445265e-08	   5.2764475e-09	   6.9890804e-10	   3.3461999e-10	   3.4145635e-11	
   9.5700000e+02	   2.9242445e-07	   2.7505822e-08	   5.2908749e-09	   7.0131194e-10	   3.3584494e-10	   3.4308314e-11	
   9.5800000e+02	   2.9273066e-07	   2.7552499e-08	   5.3012969e-09	   7.0292708e-10	   3.3664316e-10	   3.4410516e-11	
   9.5900000e+02	   2.9302296e-07	   2.7596516e-08	   5.3109646e-09	   7.0439590e-10	   3.3736288e-10	   3.4501673e-11	
   9.6000000e+02	   2.9338038e-07	   2.7653868e-08	   5.3245159e-09	   7.0663630e-10	   3.3850190e-10	   3.4652622e-11	
   9.6100000e+02	   2.9386233e-07	   2.7736612e-08	   5.3454556e-09	   7.1034390e-10	   3.4043795e-10	   3.4917324e-11	
   9.6200000e+02	   2.9447509e-07	   2.7846083e-08	   5.3741849e-09	   7.1560179e-10	   3.4321691e-10	   3.5302681e-11	
   9.6300000e+02	   2.9517587e-07	   2.7973663e-08	   5.4082173e-09	   7.2192078e-10	   3.4657421e-10	   3.5771332e-11	
   9.6400000e+02	   2.9590208e-07	   2.8106689e-08	   5.4438823e-09	   7.2857453e-10	   3.5011603e-10	   3.6267224e-11	
   9.6500000e+02	   2.9660183e-07	   2.8234617e-08	   5.4781149e-09	   7.3495395e-10	   3.5351157e-10	   3.6742995e-11	
   9.6600000e+02	   2.9725018e-07	   2.8352353e-08	   5.5094266e-09	   7.4076112e-10	   3.5659861e-10	   3.7175189e-11	
   9.6700000e+02	   2.9784676e-07	   2.8459783e-08	   5.5377767e-09	   7.4598556e-10	   3.5937098e-10	   3.7562657e-11	
   9.6800000e+02	   2.9840374e-07	   2.8559359e-08	   5.5638738e-09	   7.5076662e-10	   3.6190411e-10	   3.7916027e-11	
   9.6900000e+02	   2.9893325e-07	   2.8653532e-08	   5.5884285e-09	   7.5524465e-10	   3.6427408e-10	   3.8246080e-11	
   9.7000000e+02	   2.9943527e-07	   2.8742263e-08	   5.6114219e-09	   7.5941358e-10	   3.6647711e-10	   3.8552010e-11	
   9.7100000e+02	   2.9988942e-07	   2.8821325e-08	   5.6316042e-09	   7.6301910e-10	   3.6837381e-10	   3.8813213e-11	
   9.7200000e+02	   3.0026409e-07	   2.8884175e-08	   5.6470442e-09	   7.6566946e-10	   3.6974966e-10	   3.8998113e-11	
   9.7300000e+02	   3.0054399e-07	   2.8927637e-08	   5.6568039e-09	   7.6717408e-10	   3.7050022e-10	   3.9091294e-11	
   9.7400000e+02	   3.0074109e-07	   2.8954178e-08	   5.6616097e-09	   7.6767962e-10	   3.7070571e-10	   3.9104468e-11	
   9.7500000e+02	   3.0086726e-07	   2.8966254e-08	   5.6621892e-09	   7.6733435e-10	   3.7044745e-10	   3.9049649e-11	
   9.7600000e+02	   3.0091015e-07	   2.8961345e-08	   5.6578096e-09	   7.6599278e-10	   3.6964642e-10	   3.8915516e-11	
   9.7700000e+02	   3.0084984e-07	   2.8935385e-08	   5.6472880e-09	   7.6341983e-10	   3.6817494e-10	   3.8683771e-11	
   9.7800000e+02	   3.0068217e-07	   2.8887591e-08	   5.6304156e-09	   7.5957936e-10	   3.6601452e-10	   3.8352309e-11	
   9.7900000e+02	   3.0041083e-07	   2.8818832e-08	   5.6074796e-09	   7.5453835e-10	   3.6320374e-10	   3.7927657e-11	
   9.8000000e+02	   3.0003147e-07	   2.8728338e-08	   5.5782951e-09	   7.4827116e-10	   3.5973110e-10	   3.7409283e-11	
   9.8100000e+02	   2.9953864e-07	   2.8615126e-08	   5.5426170e-09	   7.4074077e-10	   3.5557909e-10	   3.6795821e-11	
   9.8200000e+02	   2.9893982e-07	   2.8480869e-08	   5.5009773e-09	   7.3206583e-10	   3.5081497e-10	   3.6098162e-11	
   9.8300000e+02	   2.9825320e-07	   2.8329426e-08	   5.4545457e-09	   7.2249167e-10	   3.4557477e-10	   3.5337030e-11	
   9.8400000e+02	   2.9749883e-07	   2.8165027e-08	   5.4045889e-09	   7.1228008e-10	   3.4000274e-10	   3.4534032e-11	
   9.8500000e+02	   2.9669630e-07	   2.7991761e-08	   5.3523206e-09	   7.0167836e-10	   3.3423436e-10	   3.3709110e-11	
   9.8600000e+02	   2.9585716e-07	   2.7812109e-08	   5.2984897e-09	   6.9084221e-10	   3.2835543e-10	   3.2875128e-11	
   9.8700000e+02	   2.9496696e-07	   2.7623399e-08	   5.2423813e-09	   6.7964602e-10	   3.2230083e-10	   3.2024207e-11	
   9.8800000e+02	   2.9398775e-07	   2.7418305e-08	   5.1819585e-09	   6.6771012e-10	   3.1586913e-10	   3.1129741e-11	
   9.8900000e+02	   2.9289918e-07	   2.7192963e-08	   5.1161609e-09	   6.5484007e-10	   3.0895777e-10	   3.0178418e-11	
   9.9000000e+02	   2.9173052e-07	   2.6953279e-08	   5.0466856e-09	   6.4136598e-10	   3.0174429e-10	   2.9194800e-11	
   9.9100000e+02	   2.9053918e-07	   2.6710655e-08	   4.9767678e-09	   6.2790702e-10	   2.9455991e-10	   2.8223907e-11	
   9.9200000e+02	   2.8936709e-07	   2.6473369e-08	   4.9087419e-09	   6.1490580e-10	   2.8764050e-10	   2.7297359e-11	
   9.9300000e+02	   2.8821996e-07	   2.6242602e-08	   4.8429428e-09	   6.0242492e-10	   2.8101891e-10	   2.6419297e-11	
   9.9400000e+02	   2.8706759e-07	   2.6013104e-08	   4.7779631e-09	   5.9020831e-10	   2.7455999e-10	   2.5571969e-11	
   9.9500000e+02	   2.8581249e-07	   2.5772277e-08	   4.7108404e-09	   5.7777302e-10	   2.6801676e-10	   2.4725410e-11	
   9.9600000e+02	   2.8398787e-07	   2.5476139e-08	   4.6332208e-09	   5.6403861e-10	   2.6087714e-10	   2.3829024e-11	
   9.9700000e+02	   2.7947235e-07	   2.4939575e-08	   4.5123493e-09	   5.4517688e-10	   2.5139881e-10	   2.2732112e-11	
   9.9800000e+02	   2.6590652e-07	   2.3612343e-08	   4.2516549e-09	   5.1003948e-10	   2.3453402e-10	   2.1005933e-11	
   9.9900000e+02	   2.3272971e-07	   2.0582173e-08	   3.6912623e-09	   4.4020535e-10	   2.0194767e-10	   1.7943961e-11	
   1.0000000e+03	   1.7490571e-07	   1.5422062e-08	   2.7577151e-09	   3.2744465e-10	   1.4995780e-10	   1.3246096e-11	
