   6.5000000e+02	   1.0736016e-07	   7.0419144e-09	   1.0127107e-09	   8.9859307e-11	   3.6085783e-11	   2.1949925e-12	
   6.5100000e+02	   1.4274083e-07	   9.3704279e-09	   1.3486163e-09	   1.1981246e-10	   4.8134776e-11	   2.9314351e-12	
   6.5200000e+02	   1.6293673e-07	   1.0709950e-08	   1.5432323e-09	   1.3736087e-10	   5.5221497e-11	   3.3693959e-12	
   6.5300000e+02	   1.7107727e-07	   1.1263445e-08	   1.6254474e-09	   1.4502661e-10	   5.8353188e-11	   3.5690915e-12	
   6.5400000e+02	   1.7365844e-07	   1.1452126e-08	   1.6551816e-09	   1.4803845e-10	   5.9616239e-11	   3.6549063e-12	
   6.5500000e+02	   1.7457543e-07	   1.1527507e-08	   1.6680632e-09	   1.4948534e-10	   6.0239716e-11	   3.6994508e-12	
   6.5600000e+02	   1.7513053e-07	   1.1574719e-08	   1.6762930e-09	   1.5044344e-10	   6.0654917e-11	   3.7288312e-12	
   6.5700000e+02	   1.7563043e-07	   1.1617028e-08	   1.6836450e-09	   1.5130301e-10	   6.1027861e-11	   3.7549776e-12	
   6.5800000e+02	   1.7616532e-07	   1.1664742e-08	   1.6922032e-09	   1.5232758e-10	   6.1477567e-11	   3.7877194e-12	
   6.5900000e+02	   1.7677928e-07	   1.1724086e-08	   1.7033214e-09	   1.5369767e-10	   6.2086722e-11	   3.8341051e-12	
   6.6000000e+02	   1.7747633e-07	   1.1795732e-08	   1.7171521e-09	   1.5543425e-10	   6.2865094e-11	   3.8950285e-12	
   6.6100000e+02	   1.7821364e-07	   1.1873577e-08	   1.7323560e-09	   1.5735697e-10	   6.3729943e-11	   3.9634759e-12	
   6.6200000e+02	   1.7892591e-07	   1.1948233e-08	   1.7468667e-09	   1.5918669e-10	   6.4553005e-11	   4.0285118e-12	
   6.6300000e+02	   1.7958058e-07	   1.2015060e-08	   1.7596648e-09	   1.6078559e-10	   6.5270970e-11	   4.0847567e-12	
   6.6400000e+02	   1.8020041e-07	   1.2077451e-08	   1.7715004e-09	   1.6225519e-10	   6.5930588e-11	   4.1362574e-12	
   6.6500000e+02	   1.8081485e-07	   1.2139740e-08	   1.7833274e-09	   1.6372359e-10	   6.6590663e-11	   4.1880481e-12	
   6.6600000e+02	   1.8141690e-07	   1.2200927e-08	   1.7949176e-09	   1.6515807e-10	   6.7235886e-11	   4.2387655e-12	
   6.6700000e+02	   1.8199360e-07	   1.2259148e-08	   1.8058576e-09	   1.6650217e-10	   6.7840361e-11	   4.2861883e-12	
   6.6800000e+02	   1.8256891e-07	   1.2317938e-08	   1.8169379e-09	   1.6786534e-10	   6.8455138e-11	   4.3348123e-12	
   6.6900000e+02	   1.8318535e-07	   1.2383519e-08	   1.8295474e-09	   1.6943936e-10	   6.9169399e-11	   4.3924498e-12	
   6.7000000e+02	   1.8385677e-07	   1.2457881e-08	   1.8441308e-09	   1.7128619e-10	   7.0012169e-11	   4.4616540e-12	
   6.7100000e+02	   1.8455419e-07	   1.2536689e-08	   1.8597195e-09	   1.7327275e-10	   7.0921925e-11	   4.5370367e-12	
   6.7200000e+02	   1.8523556e-07	   1.2613684e-08	   1.8749152e-09	   1.7520638e-10	   7.1809340e-11	   4.6107633e-12	
   6.7300000e+02	   1.8589355e-07	   1.2687782e-08	   1.8894818e-09	   1.7705601e-10	   7.2660191e-11	   4.6816502e-12	
   6.7400000e+02	   1.8657043e-07	   1.2765271e-08	   1.9048426e-09	   1.7902176e-10	   7.3567835e-11	   4.7580593e-12	
   6.7500000e+02	   1.8731201e-07	   1.2852967e-08	   1.9225387e-09	   1.8131994e-10	   7.4633125e-11	   4.8490095e-12	
   6.7600000e+02	   1.8810850e-07	   1.2949369e-08	   1.9422304e-09	   1.8390276e-10	   7.5833544e-11	   4.9524703e-12	
   6.7700000e+02	   1.8888169e-07	   1.3042691e-08	   1.9612414e-09	   1.8639224e-10	   7.6991862e-11	   5.0524373e-12	
   6.7800000e+02	   1.8952735e-07	   1.3117175e-08	   1.9759841e-09	   1.8827955e-10	   7.7869112e-11	   5.1272187e-12	
   6.7900000e+02	   1.8998650e-07	   1.3163860e-08	   1.9844111e-09	   1.8927280e-10	   7.8327814e-11	   5.1642512e-12	
   6.8000000e+02	   1.9028991e-07	   1.3187321e-08	   1.9875588e-09	   1.8951774e-10	   7.8435882e-11	   5.1696160e-12	
   6.8100000e+02	   1.9053465e-07	   1.3202155e-08	   1.9887485e-09	   1.8948490e-10	   7.8413837e-11	   5.1632765e-12	
   6.8200000e+02	   1.9081813e-07	   1.3223019e-08	   1.9913165e-09	   1.8964729e-10	   7.8483470e-11	   5.1653266e-12	
   6.8300000e+02	   1.9118178e-07	   1.3256136e-08	   1.9966792e-09	   1.9020577e-10	   7.8738902e-11	   5.1842889e-12	
   6.8400000e+02	   1.9161100e-07	   1.3299287e-08	   2.0043341e-09	   1.9108961e-10	   7.9146914e-11	   5.2171677e-12	
   6.8500000e+02	   1.9209385e-07	   1.3350685e-08	   2.0138809e-09	   1.9224351e-10	   7.9681741e-11	   5.2616946e-12	
   6.8600000e+02	   1.9265439e-07	   1.3413981e-08	   2.0261586e-09	   1.9378828e-10	   8.0400409e-11	   5.3231326e-12	
   6.8700000e+02	   1.9330318e-07	   1.3490759e-08	   2.0415306e-09	   1.9577607e-10	   8.1327414e-11	   5.4037267e-12	
   6.8800000e+02	   1.9398651e-07	   1.3572845e-08	   2.0581286e-09	   1.9794017e-10	   8.2336986e-11	   5.4919599e-12	
   6.8900000e+02	   1.9462020e-07	   1.3647432e-08	   2.0730226e-09	   1.9986180e-10	   8.3231636e-11	   5.5697287e-12	
   6.9000000e+02	   1.9516216e-07	   1.3708100e-08	   2.0847426e-09	   2.0133045e-10	   8.3911934e-11	   5.6278933e-12	
   6.9100000e+02	   1.9564306e-07	   1.3759509e-08	   2.0943569e-09	   2.0249930e-10	   8.4450054e-11	   5.6730952e-12	
   6.9200000e+02	   1.9613523e-07	   1.3812703e-08	   2.1044018e-09	   2.0373288e-10	   8.5018083e-11	   5.7212294e-12	
   6.9300000e+02	   1.9668518e-07	   1.3874815e-08	   2.1165158e-09	   2.0526677e-10	   8.5727259e-11	   5.7825979e-12	
   6.9400000e+02	   1.9726987e-07	   1.3942353e-08	   2.1298925e-09	   2.0698402e-10	   8.6522067e-11	   5.8520585e-12	
   6.9500000e+02	   1.9781855e-07	   1.4004508e-08	   2.1420377e-09	   2.0852357e-10	   8.7231408e-11	   5.9137062e-12	
   6.9600000e+02	   1.9826969e-07	   1.4051845e-08	   2.1507707e-09	   2.0956904e-10	   8.7705276e-11	   5.9535414e-12	
   6.9700000e+02	   1.9861448e-07	   1.4082999e-08	   2.1557731e-09	   2.1007369e-10	   8.7921503e-11	   5.9694594e-12	
   6.9800000e+02	   1.9890563e-07	   1.4106070e-08	   2.1589163e-09	   2.1030888e-10	   8.8008934e-11	   5.9734829e-12	
   6.9900000e+02	   1.9922933e-07	   1.4134324e-08	   2.1632688e-09	   2.1072033e-10	   8.8179255e-11	   5.9854157e-12	
   7.0000000e+02	   1.9965773e-07	   1.4178871e-08	   2.1714020e-09	   2.1168193e-10	   8.8610128e-11	   6.0219005e-12	
   7.0100000e+02	   2.0020674e-07	   1.4242168e-08	   2.1838863e-09	   2.1327700e-10	   8.9341341e-11	   6.0866827e-12	
   7.0200000e+02	   2.0082711e-07	   1.4316619e-08	   2.1989659e-09	   2.1525084e-10	   9.0252191e-11	   6.1684655e-12	
   7.0300000e+02	   2.0144410e-07	   1.4390690e-08	   2.2139717e-09	   2.1721558e-10	   9.1158678e-11	   6.2499944e-12	
   7.0400000e+02	   2.0202054e-07	   1.4458657e-08	   2.2275823e-09	   2.1897985e-10	   9.1970222e-11	   6.3228127e-12	
   7.0500000e+02	   2.0259618e-07	   1.4526727e-08	   2.2412513e-09	   2.2075853e-10	   9.2789638e-11	   6.3967738e-12	
   7.0600000e+02	   2.0325472e-07	   1.4607928e-08	   2.2580197e-09	   2.2299885e-10	   9.3830383e-11	   6.4922089e-12	
   7.0700000e+02	   2.0402015e-07	   1.4705951e-08	   2.2787420e-09	   2.2582526e-10	   9.5151681e-11	   6.6146715e-12	
   7.0800000e+02	   2.0479610e-07	   1.4805691e-08	   2.2998769e-09	   2.2871363e-10	   9.6503024e-11	   6.7400747e-12	
   7.0900000e+02	   2.0543955e-07	   1.4884742e-08	   2.3161722e-09	   2.3088704e-10	   9.7513058e-11	   6.8327336e-12	
   7.1000000e+02	   2.0588985e-07	   1.4933575e-08	   2.3253906e-09	   2.3201380e-10	   9.8023167e-11	   6.8773503e-12	
   7.1100000e+02	   2.0622949e-07	   1.4965113e-08	   2.3305645e-09	   2.3254308e-10	   9.8248334e-11	   6.8946073e-12	
   7.1200000e+02	   2.0662937e-07	   1.5006201e-08	   2.3380035e-09	   2.3341197e-10	   9.8637391e-11	   6.9278487e-12	
   7.1300000e+02	   2.0720777e-07	   1.5075452e-08	   2.3520892e-09	   2.3527256e-10	   9.9502976e-11	   7.0073546e-12	
   7.1400000e+02	   2.0792857e-07	   1.5167180e-08	   2.3714863e-09	   2.3792679e-10	   1.0075038e-10	   7.1239770e-12	
   7.1500000e+02	   2.0864214e-07	   1.5257767e-08	   2.3906250e-09	   2.4054382e-10	   1.0198114e-10	   7.2389756e-12	
   7.1600000e+02	   2.0922178e-07	   1.5327164e-08	   2.4047666e-09	   2.4241470e-10	   1.0285482e-10	   7.3191181e-12	
   7.1700000e+02	   2.0968054e-07	   1.5377427e-08	   2.4143980e-09	   2.4361234e-10	   1.0340656e-10	   7.3678351e-12	
   7.1800000e+02	   2.1015519e-07	   1.5430252e-08	   2.4246583e-09	   2.4490812e-10	   1.0400744e-10	   7.4215014e-12	
   7.1900000e+02	   2.1074205e-07	   1.5500889e-08	   2.4391564e-09	   2.4684311e-10	   1.0491763e-10	   7.5055831e-12	
   7.2000000e+02	   2.1137731e-07	   1.5579124e-08	   2.4554583e-09	   2.4904906e-10	   1.0595948e-10	   7.6024816e-12	
   7.2100000e+02	   2.1191827e-07	   1.5642198e-08	   2.4681526e-09	   2.5070982e-10	   1.0673969e-10	   7.6734036e-12	
   7.2200000e+02	   2.1229593e-07	   1.5679101e-08	   2.4746221e-09	   2.5143071e-10	   1.0706804e-10	   7.6996057e-12	
   7.2300000e+02	   2.1255759e-07	   1.5697378e-08	   2.4766615e-09	   2.5148285e-10	   1.0707525e-10	   7.6940368e-12	
   7.2400000e+02	   2.1279118e-07	   1.5711077e-08	   2.4776170e-09	   2.5137224e-10	   1.0700537e-10	   7.6808732e-12	
   7.2500000e+02	   2.1302215e-07	   1.5724285e-08	   2.4784661e-09	   2.5124759e-10	   1.0693019e-10	   7.6672782e-12	
   7.2600000e+02	   2.1320130e-07	   1.5729166e-08	   2.4773459e-09	   2.5082781e-10	   1.0671411e-10	   7.6398520e-12	
   7.2700000e+02	   2.1331320e-07	   1.5723243e-08	   2.4736615e-09	   2.5002171e-10	   1.0631283e-10	   7.5941282e-12	
   7.2800000e+02	   2.1343538e-07	   1.5718879e-08	   2.4703462e-09	   2.4927036e-10	   1.0593868e-10	   7.5509847e-12	
   7.2900000e+02	   2.1362872e-07	   1.5725819e-08	   2.4697217e-09	   2.4892479e-10	   1.0576097e-10	   7.5271821e-12	
   7.3000000e+02	   2.1383118e-07	   1.5734260e-08	   2.4694765e-09	   2.4864029e-10	   1.0561410e-10	   7.5066016e-12	
   7.3100000e+02	   2.1392254e-07	   1.5725170e-08	   2.4651159e-09	   2.4774528e-10	   1.0517533e-10	   7.4577494e-12	
   7.3200000e+02	   2.1383046e-07	   1.5687225e-08	   2.4539939e-09	   2.4585012e-10	   1.0425838e-10	   7.3627844e-12	
   7.3300000e+02	   2.1352575e-07	   1.5616109e-08	   2.4351542e-09	   2.4282491e-10	   1.0280306e-10	   7.2165876e-12	
   7.3400000e+02	   2.1299664e-07	   1.5510259e-08	   2.4082904e-09	   2.3863674e-10	   1.0079576e-10	   7.0185761e-12	
   7.3500000e+02	   2.1230256e-07	   1.5379135e-08	   2.3756421e-09	   2.3362112e-10	   9.8397707e-11	   6.7845076e-12	
   7.3600000e+02	   2.1159494e-07	   1.5246461e-08	   2.3427509e-09	   2.2859294e-10	   9.5997987e-11	   6.5515445e-12	
   7.3700000e+02	   2.1100092e-07	   1.5132159e-08	   2.3142701e-09	   2.2423623e-10	   9.3923127e-11	   6.3508470e-12	
   7.3800000e+02	   2.1051504e-07	   1.5035491e-08	   2.2900472e-09	   2.2053237e-10	   9.2164783e-11	   6.1818017e-12	
   7.3900000e+02	   2.1005303e-07	   1.4943388e-08	   2.2670528e-09	   2.1704007e-10	   9.0512845e-11	   6.0245426e-12	
   7.4000000e+02	   2.0957992e-07	   1.4850278e-08	   2.2439619e-09	   2.1355961e-10	   8.8870980e-11	   5.8695721e-12	
   7.4100000e+02	   2.0916906e-07	   1.4767111e-08	   2.2232199e-09	   2.1042786e-10	   8.7396085e-11	   5.7306228e-12	
   7.4200000e+02	   2.0897467e-07	   1.4717118e-08	   2.2100590e-09	   2.0837562e-10	   8.6430547e-11	   5.6382922e-12	
   7.4300000e+02	   2.0916716e-07	   1.4726090e-08	   2.2103149e-09	   2.0822328e-10	   8.6359902e-11	   5.6273580e-12	
   7.4400000e+02	   2.0989107e-07	   1.4816335e-08	   2.2291192e-09	   2.1070963e-10	   8.7534923e-11	   5.7304890e-12	
   7.4500000e+02	   2.1126053e-07	   1.5006270e-08	   2.2708709e-09	   2.1650067e-10	   9.0278189e-11	   5.9796122e-12	
   7.4600000e+02	   2.1332350e-07	   1.5304828e-08	   2.3379338e-09	   2.2600007e-10	   9.4793772e-11	   6.3974613e-12	
   7.4700000e+02	   2.1596710e-07	   1.5696275e-08	   2.4270319e-09	   2.3880804e-10	   1.0090630e-10	   6.9721078e-12	
   7.4800000e+02	   2.1889095e-07	   1.6135321e-08	   2.5279640e-09	   2.5350372e-10	   1.0795148e-10	   7.6448809e-12	
   7.4900000e+02	   2.2174250e-07	   1.6567408e-08	   2.6281460e-09	   2.6827156e-10	   1.1506773e-10	   8.3356868e-12	
   7.5000000e+02	   2.2427186e-07	   1.6952460e-08	   2.7180429e-09	   2.8167419e-10	   1.2156077e-10	   8.9761217e-12	
   7.5100000e+02	   2.2635653e-07	   1.7269203e-08	   2.7922616e-09	   2.9282933e-10	   1.2699121e-10	   9.5186459e-12	
   7.5200000e+02	   2.2796220e-07	   1.7510113e-08	   2.8485978e-09	   3.0131707e-10	   1.3113936e-10	   9.9360987e-12	
   7.5300000e+02	   2.2913821e-07	   1.7681756e-08	   2.8883419e-09	   3.0727425e-10	   1.3406028e-10	   1.0230221e-11	
   7.5400000e+02	   2.3001049e-07	   1.7803999e-08	   2.9161639e-09	   3.1139360e-10	   1.3608660e-10	   1.0433127e-11	
   7.5500000e+02	   2.3071374e-07	   1.7898660e-08	   2.9373098e-09	   3.1447894e-10	   1.3760930e-10	   1.0584266e-11	
   7.5600000e+02	   2.3131543e-07	   1.7976656e-08	   2.9544006e-09	   3.1693085e-10	   1.3882281e-10	   1.0703177e-11	
   7.5700000e+02	   2.3181141e-07	   1.8037117e-08	   2.9671854e-09	   3.1870142e-10	   1.3970159e-10	   1.0786647e-11	
   7.5800000e+02	   2.3220044e-07	   1.8079795e-08	   2.9755929e-09	   3.1977717e-10	   1.4023840e-10	   1.0833791e-11	
   7.5900000e+02	   2.3257592e-07	   1.8120440e-08	   2.9835371e-09	   3.2078580e-10	   1.4074445e-10	   1.0877931e-11	
   7.6000000e+02	   2.3311025e-07	   1.8188125e-08	   2.9982455e-09	   3.2288713e-10	   1.4179509e-10	   1.0980698e-11	
   7.6100000e+02	   2.3389291e-07	   1.8297950e-08	   3.0234729e-09	   3.2668392e-10	   1.4368931e-10	   1.1174146e-11	
   7.6200000e+02	   2.3482540e-07	   1.8433324e-08	   3.0550959e-09	   3.3151472e-10	   1.4609892e-10	   1.1423169e-11	
   7.6300000e+02	   2.3573528e-07	   1.8565182e-08	   3.0858898e-09	   3.3622028e-10	   1.4844867e-10	   1.1666208e-11	
   7.6400000e+02	   2.3654178e-07	   1.8679921e-08	   3.1124739e-09	   3.4025828e-10	   1.5046945e-10	   1.1874484e-11	
   7.6500000e+02	   2.3727040e-07	   1.8781855e-08	   3.1359232e-09	   3.4380177e-10	   1.5224714e-10	   1.2057251e-11	
   7.6600000e+02	   2.3796478e-07	   1.8878333e-08	   3.1580604e-09	   3.4714230e-10	   1.5392606e-10	   1.2229919e-11	
   7.6700000e+02	   2.3862321e-07	   1.8968951e-08	   3.1787590e-09	   3.5025355e-10	   1.5549169e-10	   1.2390522e-11	
   7.6800000e+02	   2.3920094e-07	   1.9045944e-08	   3.1960408e-09	   3.5280705e-10	   1.5677839e-10	   1.2520561e-11	
   7.6900000e+02	   2.3965521e-07	   1.9101916e-08	   3.2080264e-09	   3.5449184e-10	   1.5762957e-10	   1.2602614e-11	
   7.7000000e+02	   2.3997362e-07	   1.9134719e-08	   3.2141694e-09	   3.5521744e-10	   1.5799939e-10	   1.2631599e-11	
   7.7100000e+02	   2.4016082e-07	   1.9145163e-08	   3.2146775e-09	   3.5501866e-10	   1.5790512e-10	   1.2609490e-11	
   7.7200000e+02	   2.4024791e-07	   1.9138624e-08	   3.2109140e-09	   3.5412058e-10	   1.5745970e-10	   1.2548851e-11	
   7.7300000e+02	   2.4035602e-07	   1.9135983e-08	   3.2081628e-09	   3.5339214e-10	   1.5709943e-10	   1.2497907e-11	
   7.7400000e+02	   2.4069950e-07	   1.9174215e-08	   3.2157857e-09	   3.5437437e-10	   1.5759865e-10	   1.2542334e-11	
   7.7500000e+02	   2.4144136e-07	   1.9281565e-08	   3.2409620e-09	   3.5825523e-10	   1.5955564e-10	   1.2748793e-11	
   7.7600000e+02	   2.4253422e-07	   1.9450040e-08	   3.2817045e-09	   3.6471617e-10	   1.6281218e-10	   1.3100424e-11	
   7.7700000e+02	   2.4371588e-07	   1.9634312e-08	   3.3265104e-09	   3.7185770e-10	   1.6641245e-10	   1.3491051e-11	
   7.7800000e+02	   2.4466513e-07	   1.9778488e-08	   3.3611181e-09	   3.7730661e-10	   1.6915838e-10	   1.3786252e-11	
   7.7900000e+02	   2.4521542e-07	   1.9853436e-08	   3.3780603e-09	   3.7981262e-10	   1.7041704e-10	   1.3914465e-11	
   7.8000000e+02	   2.4545070e-07	   1.9873748e-08	   3.3810559e-09	   3.7999375e-10	   1.7050006e-10	   1.3910619e-11	
   7.8100000e+02	   2.4559176e-07	   1.9877983e-08	   3.3799741e-09	   3.7949916e-10	   1.7024130e-10	   1.3868805e-11	
   7.8200000e+02	   2.4583513e-07	   1.9900521e-08	   3.3836235e-09	   3.7980291e-10	   1.7038675e-10	   1.3873354e-11	
   7.8300000e+02	   2.4630040e-07	   1.9962340e-08	   3.3973913e-09	   3.8180892e-10	   1.7139456e-10	   1.3976251e-11	
   7.8400000e+02	   2.4701186e-07	   2.0067733e-08	   3.4223856e-09	   3.8570415e-10	   1.7335983e-10	   1.4188372e-11	
   7.8500000e+02	   2.4784266e-07	   2.0194385e-08	   3.4528595e-09	   3.9051992e-10	   1.7579061e-10	   1.4453589e-11	
   7.8600000e+02	   2.4855838e-07	   2.0301001e-08	   3.4781731e-09	   3.9446127e-10	   1.7777495e-10	   1.4667734e-11	
   7.8700000e+02	   2.4903781e-07	   2.0366274e-08	   3.4928454e-09	   3.9660522e-10	   1.7884426e-10	   1.4777410e-11	
   7.8800000e+02	   2.4940394e-07	   2.0411972e-08	   3.5025133e-09	   3.9790755e-10	   1.7948529e-10	   1.4838580e-11	
   7.8900000e+02	   2.4985154e-07	   2.0472511e-08	   3.5160716e-09	   3.9987362e-10	   1.8046397e-10	   1.4939099e-11	
   7.9000000e+02	   2.5042978e-07	   2.0556566e-08	   3.5357634e-09	   4.0288322e-10	   1.8197356e-10	   1.5101146e-11	
   7.9100000e+02	   2.5106156e-07	   2.0650516e-08	   3.5580689e-09	   4.0634114e-10	   1.8371132e-10	   1.5290021e-11	
   7.9200000e+02	   2.5166769e-07	   2.0740328e-08	   3.5793552e-09	   4.0963138e-10	   1.8536358e-10	   1.5469639e-11	
   7.9300000e+02	   2.5219166e-07	   2.0815912e-08	   3.5969919e-09	   4.1230403e-10	   1.8670037e-10	   1.5613221e-11	
   7.9400000e+02	   2.5257796e-07	   2.0867307e-08	   3.6083719e-09	   4.1391100e-10	   1.8749214e-10	   1.5693860e-11	
   7.9500000e+02	   2.5281039e-07	   2.0891577e-08	   3.6127205e-09	   4.1431806e-10	   1.8766992e-10	   1.5703376e-11	
   7.9600000e+02	   2.5295893e-07	   2.0901174e-08	   3.6132743e-09	   4.1407777e-10	   1.8751603e-10	   1.5674542e-11	
   7.9700000e+02	   2.5315064e-07	   2.0918736e-08	   3.6159250e-09	   4.1419694e-10	   1.8754511e-10	   1.5667196e-11	
   7.9800000e+02	   2.5349125e-07	   2.0963108e-08	   3.6255781e-09	   4.1551402e-10	   1.8818585e-10	   1.5731222e-11	
   7.9900000e+02	   2.5399738e-07	   2.1037267e-08	   3.6430125e-09	   4.1816337e-10	   1.8950727e-10	   1.5874749e-11	
   8.0000000e+02	   2.5456291e-07	   2.1122315e-08	   3.6633132e-09	   4.2130719e-10	   1.9108151e-10	   1.6048145e-11	
   8.0100000e+02	   2.5498462e-07	   2.1181998e-08	   3.6770364e-09	   4.2333194e-10	   1.9208363e-10	   1.6155387e-11	
   8.0200000e+02	   2.5508919e-07	   2.1185319e-08	   3.6760900e-09	   4.2285104e-10	   1.9180387e-10	   1.6113529e-11	
   8.0300000e+02	   2.5491823e-07	   2.1139573e-08	   3.6623458e-09	   4.2017799e-10	   1.9040131e-10	   1.5940583e-11	
   8.0400000e+02	   2.5473720e-07	   2.1092031e-08	   3.6480991e-09	   4.1740966e-10	   1.8894742e-10	   1.5760985e-11	
   8.0500000e+02	   2.5475402e-07	   2.1079833e-08	   3.6430354e-09	   4.1620447e-10	   1.8829093e-10	   1.5673798e-11	
   8.0600000e+02	   2.5488990e-07	   2.1089117e-08	   3.6435892e-09	   4.1596502e-10	   1.8812860e-10	   1.5644581e-11	
   8.0700000e+02	   2.5491299e-07	   2.1078760e-08	   3.6391023e-09	   4.1488430e-10	   1.8753913e-10	   1.5567082e-11	
   8.0800000e+02	   2.5471426e-07	   2.1029410e-08	   3.6245548e-09	   4.1211040e-10	   1.8608803e-10	   1.5391133e-11	
   8.0900000e+02	   2.5440456e-07	   2.0960639e-08	   3.6050017e-09	   4.0849614e-10	   1.8420940e-10	   1.5166491e-11	
   8.1000000e+02	   2.5422297e-07	   2.0914653e-08	   3.5913366e-09	   4.0587760e-10	   1.8283748e-10	   1.5000127e-11	
   8.1100000e+02	   2.5437945e-07	   2.0928495e-08	   3.5931176e-09	   4.0586425e-10	   1.8279099e-10	   1.4985713e-11	
   8.1200000e+02	   2.5493342e-07	   2.1012668e-08	   3.6130601e-09	   4.0891442e-10	   1.8430337e-10	   1.5150077e-11	
   8.1300000e+02	   2.5576984e-07	   2.1146906e-08	   3.6459420e-09	   4.1415043e-10	   1.8692862e-10	   1.5442359e-11	
   8.1400000e+02	   2.5668275e-07	   2.1294875e-08	   3.6823908e-09	   4.1999498e-10	   1.8986467e-10	   1.5770885e-11	
   8.1500000e+02	   2.5752401e-07	   2.1430463e-08	   3.7156759e-09	   4.2531678e-10	   1.9253655e-10	   1.6070043e-11	
   8.1600000e+02	   2.5829128e-07	   2.1553357e-08	   3.7457404e-09	   4.3011226e-10	   1.9494371e-10	   1.6340268e-11	
   8.1700000e+02	   2.5907621e-07	   2.1679932e-08	   3.7768565e-09	   4.3511221e-10	   1.9746027e-10	   1.6625324e-11	
   8.1800000e+02	   2.5997755e-07	   2.1827978e-08	   3.8136994e-09	   4.4112470e-10	   2.0050164e-10	   1.6974504e-11	
   8.1900000e+02	   2.6108054e-07	   2.2013131e-08	   3.8604434e-09	   4.4888662e-10	   2.0444983e-10	   1.7434418e-11	
   8.2000000e+02	   2.6243738e-07	   2.2245156e-08	   3.9197382e-09	   4.5887638e-10	   2.0955497e-10	   1.8036462e-11	
   8.2100000e+02	   2.6398567e-07	   2.2512861e-08	   3.9886550e-09	   4.7059185e-10	   2.1555990e-10	   1.8750520e-11	
   8.2200000e+02	   2.6551178e-07	   2.2777229e-08	   4.0568214e-09	   4.8221376e-10	   2.2152412e-10	   1.9462884e-11	
   8.2300000e+02	   2.6676328e-07	   2.2991872e-08	   4.1118380e-09	   4.9155047e-10	   2.2631115e-10	   2.0034712e-11	
   8.2400000e+02	   2.6761520e-07	   2.3133520e-08	   4.1474147e-09	   4.9747340e-10	   2.2933225e-10	   2.0392669e-11	
   8.2500000e+02	   2.6814172e-07	   2.3215517e-08	   4.1670500e-09	   5.0058486e-10	   2.3089635e-10	   2.0573202e-11	
   8.2600000e+02	   2.6854624e-07	   2.3275227e-08	   4.1807249e-09	   5.0264875e-10	   2.3191785e-10	   2.0688111e-11	
   8.2700000e+02	   2.6899577e-07	   2.3343458e-08	   4.1966973e-09	   5.0513136e-10	   2.3315819e-10	   2.0831109e-11	
   8.2800000e+02	   2.6951374e-07	   2.3424507e-08	   4.2161086e-09	   5.0823335e-10	   2.3472091e-10	   2.1014841e-11	
   8.2900000e+02	   2.7003577e-07	   2.3506415e-08	   4.2357325e-09	   5.1137690e-10	   2.3630463e-10	   2.1201881e-11	
   8.3000000e+02	   2.7052402e-07	   2.3582185e-08	   4.2536849e-09	   5.1422560e-10	   2.3773413e-10	   2.1370552e-11	
   8.3100000e+02	   2.7100397e-07	   2.3656584e-08	   4.2712620e-09	   5.1701333e-10	   2.3913175e-10	   2.1536222e-11	
   8.3200000e+02	   2.7151936e-07	   2.3737783e-08	   4.2906783e-09	   5.2013866e-10	   2.4070577e-10	   2.1724955e-11	
   8.3300000e+02	   2.7207750e-07	   2.3827166e-08	   4.3123147e-09	   5.2367124e-10	   2.4249288e-10	   2.1941420e-11	
   8.3400000e+02	   2.7267225e-07	   2.3923715e-08	   4.3359267e-09	   5.2757464e-10	   2.4447574e-10	   2.2184119e-11	
   8.3500000e+02	   2.7338215e-07	   2.4042456e-08	   4.3656687e-09	   5.3261739e-10	   2.4706024e-10	   2.2505806e-11	
   8.3600000e+02	   2.7436112e-07	   2.4212567e-08	   4.4095442e-09	   5.4026487e-10	   2.5101713e-10	   2.3005324e-11	
   8.3700000e+02	   2.7563233e-07	   2.4438358e-08	   4.4687184e-09	   5.5072555e-10	   2.5645513e-10	   2.3696175e-11	
   8.3800000e+02	   2.7696317e-07	   2.4675687e-08	   4.5310703e-09	   5.6177574e-10	   2.6220397e-10	   2.4427863e-11	
   8.3900000e+02	   2.7805427e-07	   2.4867741e-08	   4.5810040e-09	   5.7055524e-10	   2.6675855e-10	   2.5006898e-11	
   8.4000000e+02	   2.7879870e-07	   2.4994177e-08	   4.6129231e-09	   5.7603448e-10	   2.6957646e-10	   2.5363225e-11	
   8.4100000e+02	   2.7930744e-07	   2.5076042e-08	   4.6326059e-09	   5.7927275e-10	   2.7121514e-10	   2.5568413e-11	
   8.4200000e+02	   2.7975115e-07	   2.5145802e-08	   4.6489864e-09	   5.8191347e-10	   2.7254056e-10	   2.5734191e-11	
   8.4300000e+02	   2.8020445e-07	   2.5217600e-08	   4.6659462e-09	   5.8466774e-10	   2.7392685e-10	   2.5908530e-11	
   8.4400000e+02	   2.8061373e-07	   2.5281034e-08	   4.6805783e-09	   5.8698907e-10	   2.7508369e-10	   2.6052799e-11	
   8.4500000e+02	   2.8090026e-07	   2.5320930e-08	   4.6886662e-09	   5.8809070e-10	   2.7559432e-10	   2.6112117e-11	
   8.4600000e+02	   2.8105748e-07	   2.5336049e-08	   4.6898716e-09	   5.8791092e-10	   2.7542641e-10	   2.6082320e-11	
   8.4700000e+02	   2.8112932e-07	   2.5334873e-08	   4.6865611e-09	   5.8689313e-10	   2.7481533e-10	   2.5994501e-11	
   8.4800000e+02	   2.8114681e-07	   2.5323401e-08	   4.6804092e-09	   5.8535127e-10	   2.7392780e-10	   2.5870693e-11	
   8.4900000e+02	   2.8112551e-07	   2.5304635e-08	   4.6722529e-09	   5.8344186e-10	   2.7284689e-10	   2.5721827e-11	
   8.5000000e+02	   2.8109611e-07	   2.5284473e-08	   4.6637276e-09	   5.8146835e-10	   2.7173307e-10	   2.5568864e-11	
   8.5100000e+02	   2.8110672e-07	   2.5272138e-08	   4.6573861e-09	   5.7990340e-10	   2.7083609e-10	   2.5444362e-11	
   8.5200000e+02	   2.8119897e-07	   2.5275606e-08	   4.6554319e-09	   5.7915388e-10	   2.7037069e-10	   2.5376220e-11	
   8.5300000e+02	   2.8138637e-07	   2.5297452e-08	   4.6585727e-09	   5.7934930e-10	   2.7040501e-10	   2.5373184e-11	
   8.5400000e+02	   2.8164783e-07	   2.5333623e-08	   4.6656863e-09	   5.8028101e-10	   2.7082872e-10	   2.5420782e-11	
   8.5500000e+02	   2.8193724e-07	   2.5375284e-08	   4.6743310e-09	   5.8149716e-10	   2.7140323e-10	   2.5487895e-11	
   8.5600000e+02	   2.8220123e-07	   2.5412212e-08	   4.6816841e-09	   5.8247602e-10	   2.7185322e-10	   2.5538663e-11	
   8.5700000e+02	   2.8239814e-07	   2.5436430e-08	   4.6855445e-09	   5.8281127e-10	   2.7196435e-10	   2.5545196e-11	
   8.5800000e+02	   2.8251547e-07	   2.5445548e-08	   4.6852555e-09	   5.8238204e-10	   2.7167299e-10	   2.5499231e-11	
   8.5900000e+02	   2.8257904e-07	   2.5444513e-08	   4.6821842e-09	   5.8144092e-10	   2.7111248e-10	   2.5418107e-11	
   8.6000000e+02	   2.8263841e-07	   2.5442819e-08	   4.6789519e-09	   5.8047157e-10	   2.7053801e-10	   2.5334969e-11	
   8.6100000e+02	   2.8272697e-07	   2.5446860e-08	   4.6773250e-09	   5.7979998e-10	   2.7012158e-10	   2.5272169e-11	
   8.6200000e+02	   2.8283502e-07	   2.5454791e-08	   4.6767981e-09	   5.7933369e-10	   2.6981463e-10	   2.5223443e-11	
   8.6300000e+02	   2.8292606e-07	   2.5459645e-08	   4.6754555e-09	   5.7872072e-10	   2.6943183e-10	   2.5164821e-11	
   8.6400000e+02	   2.8296729e-07	   2.5455171e-08	   4.6715809e-09	   5.7764660e-10	   2.6880779e-10	   2.5074977e-11	
   8.6500000e+02	   2.8294103e-07	   2.5438022e-08	   4.6642619e-09	   5.7594557e-10	   2.6785563e-10	   2.4942826e-11	
   8.6600000e+02	   2.8284867e-07	   2.5408487e-08	   4.6535845e-09	   5.7363501e-10	   2.6658486e-10	   2.4769718e-11	
   8.6700000e+02	   2.8272089e-07	   2.5372412e-08	   4.6411554e-09	   5.7100915e-10	   2.6515026e-10	   2.4575584e-11	
   8.6800000e+02	   2.8261102e-07	   2.5339940e-08	   4.6297534e-09	   5.6857511e-10	   2.6381821e-10	   2.4394564e-11	
   8.6900000e+02	   2.8255388e-07	   2.5317685e-08	   4.6211914e-09	   5.6666366e-10	   2.6276249e-10	   2.4248928e-11	
   8.7000000e+02	   2.8252704e-07	   2.5301414e-08	   4.6143186e-09	   5.6506702e-10	   2.6187445e-10	   2.4124922e-11	
   8.7100000e+02	   2.8245823e-07	   2.5277458e-08	   4.6054143e-09	   5.6311211e-10	   2.6080186e-10	   2.3977876e-11	
   8.7200000e+02	   2.8227341e-07	   2.5231831e-08	   4.5906788e-09	   5.6011368e-10	   2.5918657e-10	   2.3762542e-11	
   8.7300000e+02	   2.8195256e-07	   2.5160769e-08	   4.5691001e-09	   5.5589213e-10	   2.5693542e-10	   2.3467387e-11	
   8.7400000e+02	   2.8154757e-07	   2.5074080e-08	   4.5433561e-09	   5.5093413e-10	   2.5430369e-10	   2.3124959e-11	
   8.7500000e+02	   2.8113930e-07	   2.4987014e-08	   4.5175958e-09	   5.4598974e-10	   2.5168390e-10	   2.2784977e-11	
   8.7600000e+02	   2.8077559e-07	   2.4908593e-08	   4.4942708e-09	   5.4150136e-10	   2.4930736e-10	   2.2476684e-11	
   8.7700000e+02	   2.8043849e-07	   2.4835521e-08	   4.4725045e-09	   5.3731574e-10	   2.4709480e-10	   2.2190475e-11	
   8.7800000e+02	   2.8004486e-07	   2.4752440e-08	   4.4481947e-09	   5.3271083e-10	   2.4467205e-10	   2.1880562e-11	
   8.7900000e+02	   2.7947258e-07	   2.4636941e-08	   4.4153932e-09	   5.2664866e-10	   2.4150316e-10	   2.1482097e-11	
   8.8000000e+02	   2.7861168e-07	   2.4469093e-08	   4.3688694e-09	   5.1823108e-10	   2.3712723e-10	   2.0940484e-11	
   8.8100000e+02	   2.7742519e-07	   2.4242654e-08	   4.3070892e-09	   5.0722027e-10	   2.3142725e-10	   2.0243912e-11	
   8.8200000e+02	   2.7596355e-07	   2.3967648e-08	   4.2328842e-09	   4.9415090e-10	   2.2468701e-10	   1.9429811e-11	
   8.8300000e+02	   2.7430013e-07	   2.3658462e-08	   4.1502727e-09	   4.7977046e-10	   2.1730114e-10	   1.8549294e-11	
   8.8400000e+02	   2.7245725e-07	   2.3320271e-08	   4.0608582e-09	   4.6441058e-10	   2.0945037e-10	   1.7627778e-11	
   8.8500000e+02	   2.7039666e-07	   2.2947415e-08	   3.9634251e-09	   4.4792172e-10	   2.0106882e-10	   1.6661343e-11	
   8.8600000e+02	   2.6805914e-07	   2.2530721e-08	   3.8558879e-09	   4.3001417e-10	   1.9202006e-10	   1.5638013e-11	
   8.8700000e+02	   2.6540504e-07	   2.2064818e-08	   3.7371995e-09	   4.1058206e-10	   1.8226247e-10	   1.4556999e-11	
   8.8800000e+02	   2.6242535e-07	   2.1550111e-08	   3.6078542e-09	   3.8978483e-10	   1.7188995e-10	   1.3433046e-11	
   8.8900000e+02	   2.5912089e-07	   2.0989110e-08	   3.4689408e-09	   3.6788731e-10	   1.6105024e-10	   1.2286866e-11	
   8.9000000e+02	   2.5548567e-07	   2.0383365e-08	   3.3213250e-09	   3.4511603e-10	   1.4987059e-10	   1.1136149e-11	
   8.9100000e+02	   2.5152403e-07	   1.9736037e-08	   3.1662113e-09	   3.2173206e-10	   1.3849095e-10	   9.9981132e-12	
   8.9200000e+02	   2.4728234e-07	   1.9056751e-08	   3.0062406e-09	   2.9818426e-10	   1.2713659e-10	   8.8962462e-12	
   8.9300000e+02	   2.4286178e-07	   1.8363125e-08	   2.8457501e-09	   2.7512971e-10	   1.1612504e-10	   7.8602497e-12	
   8.9400000e+02	   2.3839893e-07	   1.7677204e-08	   2.6898578e-09	   2.5328656e-10	   1.0579326e-10	   6.9186256e-12	
   8.9500000e+02	   2.3402147e-07	   1.7018438e-08	   2.5428414e-09	   2.3320541e-10	   9.6389678e-11	   6.0891605e-12	
   8.9600000e+02	   2.2981377e-07	   1.6398559e-08	   2.4070262e-09	   2.1512772e-10	   8.8010360e-11	   5.3742898e-12	
   8.9700000e+02	   2.2582010e-07	   1.5822416e-08	   2.2830591e-09	   1.9904316e-10	   8.0630091e-11	   4.7651735e-12	
   8.9800000e+02	   2.2207140e-07	   1.5292330e-08	   2.1709522e-09	   1.8484822e-10	   7.4179862e-11	   4.2494873e-12	
   8.9900000e+02	   2.1861041e-07	   1.4811919e-08	   2.0709522e-09	   1.7246883e-10	   6.8605207e-11	   3.8167814e-12	
   9.0000000e+02	   2.1550174e-07	   1.4387567e-08	   1.9838607e-09	   1.6190286e-10	   6.3885826e-11	   3.4600774e-12	
   9.0100000e+02	   2.1282422e-07	   1.4027403e-08	   1.9108283e-09	   1.5319519e-10	   6.0024251e-11	   3.1748838e-12	
   9.0200000e+02	   2.1065419e-07	   1.3739133e-08	   1.8529305e-09	   1.4638834e-10	   5.7023937e-11	   2.9574931e-12	
   9.0300000e+02	   2.0905091e-07	   1.3528324e-08	   1.8108565e-09	   1.4149029e-10	   5.4875532e-11	   2.8040253e-12	
   9.0400000e+02	   2.0805316e-07	   1.3398214e-08	   1.7849113e-09	   1.3847984e-10	   5.3559942e-11	   2.7107337e-12	
   9.0500000e+02	   2.0768845e-07	   1.3351128e-08	   1.7753275e-09	   1.3734633e-10	   5.3066202e-11	   2.6753151e-12	
   9.0600000e+02	   2.0798075e-07	   1.3389665e-08	   1.7825210e-09	   1.3812177e-10	   5.3405864e-11	   2.6979538e-12	
   9.0700000e+02	   2.0894495e-07	   1.3516071e-08	   1.8069839e-09	   1.4087058e-10	   5.4608821e-11	   2.7810788e-12	
   9.0800000e+02	   2.1057445e-07	   1.3730634e-08	   1.8489731e-09	   1.4565508e-10	   5.6708411e-11	   2.9283808e-12	
   9.0900000e+02	   2.1283679e-07	   1.4031039e-08	   1.9083761e-09	   1.5252004e-10	   5.9734823e-11	   3.1444399e-12	
   9.1000000e+02	   2.1568743e-07	   1.4414096e-08	   1.9850487e-09	   1.6153286e-10	   6.3733238e-11	   3.4362162e-12	
   9.1100000e+02	   2.1909610e-07	   1.4879143e-08	   2.0794870e-09	   1.7286343e-10	   6.8799733e-11	   3.8159153e-12	
   9.1200000e+02	   2.2305165e-07	   1.5428469e-08	   2.1928862e-09	   1.8678926e-10	   7.5083689e-11	   4.3013522e-12	
   9.1300000e+02	   2.2752706e-07	   1.6062259e-08	   2.3260659e-09	   2.0356141e-10	   8.2727487e-11	   4.9115170e-12	
   9.1400000e+02	   2.3244780e-07	   1.6773919e-08	   2.4784587e-09	   2.2327428e-10	   9.1807199e-11	   5.6620231e-12	
   9.1500000e+02	   2.3770596e-07	   1.7551697e-08	   2.6483778e-09	   2.4588769e-10	   1.0234086e-10	   6.5654710e-12	
   9.1600000e+02	   2.4319867e-07	   1.8383795e-08	   2.8340355e-09	   2.7134485e-10	   1.1434047e-10	   7.6353184e-12	
   9.1700000e+02	   2.4885303e-07	   1.9261972e-08	   3.0343083e-09	   2.9966987e-10	   1.2785673e-10	   8.8896726e-12	
   9.1800000e+02	   2.5462808e-07	   2.0182057e-08	   3.2488790e-09	   3.3099080e-10	   1.4299051e-10	   1.0352597e-11	
   9.1900000e+02	   2.6049904e-07	   2.1141713e-08	   3.4777499e-09	   3.6547300e-10	   1.5986129e-10	   1.2051271e-11	
   9.2000000e+02	   2.6643330e-07	   2.2136594e-08	   3.7203170e-09	   4.0317387e-10	   1.7853460e-10	   1.4008143e-11	
   9.2100000e+02	   2.7236871e-07	   2.3156450e-08	   3.9743411e-09	   4.4386103e-10	   1.9892723e-10	   1.6229211e-11	
   9.2200000e+02	   2.7820631e-07	   2.4183463e-08	   4.2354127e-09	   4.8689434e-10	   2.2074090e-10	   1.8693974e-11	
   9.2300000e+02	   2.8382507e-07	   2.5194436e-08	   4.4973970e-09	   5.3126526e-10	   2.4347423e-10	   2.1353378e-11	
   9.2400000e+02	   2.8910923e-07	   2.6165570e-08	   4.7536132e-09	   5.7577450e-10	   2.6650790e-10	   2.4136956e-11	
   9.2500000e+02	   2.9397262e-07	   2.7077222e-08	   4.9981368e-09	   6.1926084e-10	   2.8922208e-10	   2.6965906e-11	
   9.2600000e+02	   2.9836674e-07	   2.7915960e-08	   5.2264619e-09	   6.6073866e-10	   3.1107088e-10	   2.9762742e-11	
   9.2700000e+02	   3.0227194e-07	   2.8673558e-08	   5.4353751e-09	   6.9940899e-10	   3.3159437e-10	   3.2454912e-11	
   9.2800000e+02	   3.0569537e-07	   2.9347320e-08	   5.6232251e-09	   7.3475506e-10	   3.5047850e-10	   3.4986339e-11	
   9.2900000e+02	   3.0868480e-07	   2.9943333e-08	   5.7909785e-09	   7.6678109e-10	   3.6769098e-10	   3.7339263e-11	
   9.3000000e+02	   3.1132143e-07	   3.0475139e-08	   5.9418801e-09	   7.9596021e-10	   3.8345649e-10	   3.9532370e-11	
   9.3100000e+02	   3.1367051e-07	   3.0953641e-08	   6.0785318e-09	   8.2266314e-10	   3.9794785e-10	   4.1578015e-11	
   9.3200000e+02	   3.1574910e-07	   3.1380488e-08	   6.2009744e-09	   8.4678249e-10	   4.1108292e-10	   4.3454221e-11	
   9.3300000e+02	   3.1756043e-07	   3.1755054e-08	   6.3087171e-09	   8.6813784e-10	   4.2274614e-10	   4.5136833e-11	
   9.3400000e+02	   3.1914020e-07	   3.2083861e-08	   6.4034669e-09	   8.8701546e-10	   4.3308231e-10	   4.6641482e-11	
   9.3500000e+02	   3.2054988e-07	   3.2379040e-08	   6.4886455e-09	   9.0406384e-10	   4.4243801e-10	   4.8014544e-11	
   9.3600000e+02	   3.2183472e-07	   3.2649495e-08	   6.5667571e-09	   9.1975461e-10	   4.5106448e-10	   4.9289184e-11	
   9.3700000e+02	   3.2299521e-07	   3.2894818e-08	   6.6375539e-09	   9.3400052e-10	   4.5890572e-10	   5.0453310e-11	
   9.3800000e+02	   3.2399919e-07	   3.3107762e-08	   6.6987599e-09	   9.4630027e-10	   4.6567762e-10	   5.1461017e-11	
   9.3900000e+02	   3.2482773e-07	   3.3284001e-08	   6.7490015e-09	   9.5634689e-10	   4.7120523e-10	   5.2283561e-11	
   9.4000000e+02	   3.2550175e-07	   3.3427786e-08	   6.7895107e-09	   9.6438231e-10	   4.7561964e-10	   5.2939223e-11	
   9.4100000e+02	   3.2605631e-07	   3.3546431e-08	   6.8224556e-09	   9.7084710e-10	   4.7916293e-10	   5.3463490e-11	
   9.4200000e+02	   3.2651401e-07	   3.3644637e-08	   6.8492269e-09	   9.7602301e-10	   4.8198974e-10	   5.3878912e-11	
   9.4300000e+02	   3.2690272e-07	   3.3728328e-08	   6.8716087e-09	   9.8028096e-10	   4.8430580e-10	   5.4216598e-11	
   9.4400000e+02	   3.2727175e-07	   3.3808109e-08	   6.8928217e-09	   9.8429916e-10	   4.8648917e-10	   5.4534687e-11	
   9.4500000e+02	   3.2766065e-07	   3.3892491e-08	   6.9154523e-09	   9.8862303e-10	   4.8884408e-10	   5.4880044e-11	
   9.4600000e+02	   3.2806680e-07	   3.3980890e-08	   6.9393213e-09	   9.9321356e-10	   4.9134851e-10	   5.5249124e-11	
   9.4700000e+02	   3.2846436e-07	   3.4067710e-08	   6.9627245e-09	   9.9770969e-10	   4.9380069e-10	   5.5610643e-11	
   9.4800000e+02	   3.2884295e-07	   3.4150708e-08	   6.9849806e-09	   1.0019675e-09	   4.9612031e-10	   5.5952192e-11	
   9.4900000e+02	   3.2921850e-07	   3.4233344e-08	   7.0071491e-09	   1.0062127e-09	   4.9843370e-10	   5.6293480e-11	
   9.5000000e+02	   3.2961904e-07	   3.4321708e-08	   7.0310946e-09	   1.0108424e-09	   5.0096329e-10	   5.6669237e-11	
   9.5100000e+02	   3.3006581e-07	   3.4420428e-08	   7.0582367e-09	   1.0161600e-09	   5.0387922e-10	   5.7106139e-11	
   9.5200000e+02	   3.3055804e-07	   3.4529349e-08	   7.0885330e-09	   1.0221574e-09	   5.0717720e-10	   5.7603626e-11	
   9.5300000e+02	   3.3106540e-07	   3.4641856e-08	   7.1199581e-09	   1.0284024e-09	   5.1061489e-10	   5.8123740e-11	
   9.5400000e+02	   3.3153670e-07	   3.4746762e-08	   7.1490789e-09	   1.0341599e-09	   5.1377985e-10	   5.8601631e-11	
   9.5500000e+02	   3.3192791e-07	   3.4834421e-08	   7.1729313e-09	   1.0387938e-09	   5.1631486e-10	   5.8980964e-11	
   9.5600000e+02	   3.3222959e-07	   3.4902742e-08	   7.1908688e-09	   1.0421639e-09	   5.1814082e-10	   5.9249079e-11	
   9.5700000e+02	   3.3247249e-07	   3.4958424e-08	   7.2049469e-09	   1.0447095e-09	   5.1950413e-10	   5.9444623e-11	
   9.5800000e+02	   3.3271146e-07	   3.5013474e-08	   7.2188560e-09	   1.0472222e-09	   5.2084918e-10	   5.9637610e-11	
   9.5900000e+02	   3.3300012e-07	   3.5079645e-08	   7.2362154e-09	   1.0504799e-09	   5.2261321e-10	   5.9897147e-11	
   9.6000000e+02	   3.3337463e-07	   3.5164905e-08	   7.2594860e-09	   1.0550141e-09	   5.2509550e-10	   6.0270832e-11	
   9.6100000e+02	   3.3385485e-07	   3.5273676e-08	   7.2900455e-09	   1.0611261e-09	   5.2846643e-10	   6.0786191e-11	
   9.6200000e+02	   3.3444456e-07	   3.5406864e-08	   7.3281920e-09	   1.0688856e-09	   5.3276648e-10	   6.1450295e-11	
   9.6300000e+02	   3.3511812e-07	   3.5558873e-08	   7.3722128e-09	   1.0779272e-09	   5.3779086e-10	   6.2231093e-11	
   9.6400000e+02	   3.3581518e-07	   3.5716416e-08	   7.4180087e-09	   1.0873662e-09	   5.4304170e-10	   6.3049486e-11	
   9.6500000e+02	   3.3646538e-07	   3.5863935e-08	   7.4607648e-09	   1.0961591e-09	   5.4793054e-10	   6.3811427e-11	
   9.6600000e+02	   3.3702536e-07	   3.5991797e-08	   7.4974887e-09	   1.1036537e-09	   5.5208892e-10	   6.4457613e-11	
   9.6700000e+02	   3.3749763e-07	   3.6100505e-08	   7.5283265e-09	   1.1098782e-09	   5.5553195e-10	   6.4990044e-11	
   9.6800000e+02	   3.3791504e-07	   3.6197300e-08	   7.5555154e-09	   1.1153161e-09	   5.5853197e-10	   6.5452074e-11	
   9.6900000e+02	   3.3829877e-07	   3.6286826e-08	   7.5804873e-09	   1.1202756e-09	   5.6126220e-10	   6.5871098e-11	
   9.7000000e+02	   3.3863497e-07	   3.6365942e-08	   7.6022535e-09	   1.1245366e-09	   5.6359744e-10	   6.6226436e-11	
   9.7100000e+02	   3.3889920e-07	   3.6429170e-08	   7.6191018e-09	   1.1277228e-09	   5.6532418e-10	   6.6483307e-11	
   9.7200000e+02	   3.3908824e-07	   3.6475772e-08	   7.6308009e-09	   1.1297825e-09	   5.6641307e-10	   6.6636847e-11	
   9.7300000e+02	   3.3921611e-07	   3.6508860e-08	   7.6383203e-09	   1.1309277e-09	   5.6698397e-10	   6.6706402e-11	
   9.7400000e+02	   3.3929279e-07	   3.6530653e-08	   7.6423528e-09	   1.1313100e-09	   5.6712277e-10	   6.6705878e-11	
   9.7500000e+02	   3.3931596e-07	   3.6540636e-08	   7.6427421e-09	   1.1308963e-09	   5.6681087e-10	   6.6632360e-11	
   9.7600000e+02	   3.3927123e-07	   3.6535613e-08	   7.6385018e-09	   1.1294730e-09	   5.6592809e-10	   6.6466683e-11	
   9.7700000e+02	   3.3912998e-07	   3.6509246e-08	   7.6276758e-09	   1.1266174e-09	   5.6423634e-10	   6.6170916e-11	
   9.7800000e+02	   3.3885610e-07	   3.6453562e-08	   7.6078090e-09	   1.1218006e-09	   5.6143827e-10	   6.5697903e-11	
   9.7900000e+02	   3.3842985e-07	   3.6364266e-08	   7.5775996e-09	   1.1147485e-09	   5.5738104e-10	   6.5024120e-11	
   9.8000000e+02	   3.3786585e-07	   3.6244739e-08	   7.5381367e-09	   1.1057098e-09	   5.5220786e-10	   6.4173935e-11	
   9.8100000e+02	   3.3720262e-07	   3.6103680e-08	   7.4921594e-09	   1.0952925e-09	   5.4626456e-10	   6.3204253e-11	
   9.8200000e+02	   3.3647715e-07	   3.5949418e-08	   7.4422854e-09	   1.0840758e-09	   5.3988029e-10	   6.2169015e-11	
   9.8300000e+02	   3.3570841e-07	   3.5786273e-08	   7.3898829e-09	   1.0723653e-09	   5.3322937e-10	   6.1097073e-11	
   9.8400000e+02	   3.3490055e-07	   3.5615241e-08	   7.3352831e-09	   1.0602395e-09	   5.2635730e-10	   5.9996365e-11	
   9.8500000e+02	   3.3405841e-07	   3.5437441e-08	   7.2788441e-09	   1.0477789e-09	   5.1931017e-10	   5.8874523e-11	
   9.8600000e+02	   3.3318785e-07	   3.5254241e-08	   7.2210073e-09	   1.0350840e-09	   5.1214552e-10	   5.7741167e-11	
   9.8700000e+02	   3.3227027e-07	   3.5061764e-08	   7.1606410e-09	   1.0219286e-09	   5.0473989e-10	   5.6578525e-11	
   9.8800000e+02	   3.3125441e-07	   3.4849102e-08	   7.0944978e-09	   1.0076453e-09	   4.9672472e-10	   5.5331514e-11	
   9.8900000e+02	   3.3009792e-07	   3.4607300e-08	   7.0199271e-09	   9.9169337e-10	   4.8780222e-10	   5.3956061e-11	
   9.9000000e+02	   3.2881410e-07	   3.4339392e-08	   6.9378916e-09	   9.7428712e-10	   4.7809401e-10	   5.2472056e-11	
   9.9100000e+02	   3.2747023e-07	   3.4059931e-08	   6.8527941e-09	   9.5635054e-10	   4.6811400e-10	   5.0958250e-11	
   9.9200000e+02	   3.2614658e-07	   3.3786106e-08	   6.7697854e-09	   9.3895034e-10	   4.5845254e-10	   4.9503557e-11	
   9.9300000e+02	   3.2489041e-07	   3.3527988e-08	   6.6918598e-09	   9.2269925e-10	   4.4944698e-10	   4.8157879e-11	
   9.9400000e+02	   3.2368965e-07	   3.3283622e-08	   6.6184807e-09	   9.0749047e-10	   4.4103827e-10	   4.6912033e-11	
   9.9500000e+02	   3.2243501e-07	   3.3037138e-08	   6.5456100e-09	   8.9258907e-10	   4.3283326e-10	   4.5711103e-11	
   9.9600000e+02	   3.2058802e-07	   3.2729499e-08	   6.4608287e-09	   8.7615455e-10	   4.2391033e-10	   4.4447060e-11	
   9.9700000e+02	   3.1572820e-07	   3.2116369e-08	   6.3164628e-09	   8.5183228e-10	   4.1121579e-10	   4.2805977e-11	
   9.9800000e+02	   3.0062417e-07	   3.0476377e-08	   5.9733919e-09	   8.0140920e-10	   3.8606303e-10	   3.9917945e-11	
   9.9900000e+02	   2.6327790e-07	   2.6615492e-08	   5.2018852e-09	   6.9491766e-10	   3.3418016e-10	   3.4360655e-11	
   1.0000000e+03	   1.9795304e-07	   1.9970322e-08	   3.8949802e-09	   5.1868785e-10	   2.4911201e-10	   2.5508206e-11	
