   6.5000000e+02	   5.1959944e-08	   2.1125285e-09	   2.0268699e-10	   9.9907068e-12	   3.2581589e-12	   9.5449065e-14	
   6.5100000e+02	   6.9205704e-08	   2.8217553e-09	   2.7142551e-10	   1.3428500e-11	   4.3833321e-12	   1.2911123e-13	
   6.5200000e+02	   7.9144773e-08	   3.2379969e-09	   3.1240304e-10	   1.5523196e-11	   5.0719048e-12	   1.5035931e-13	
   6.5300000e+02	   8.3234772e-08	   3.4171774e-09	   3.3069860e-10	   1.6504759e-11	   5.3966746e-12	   1.6105222e-13	
   6.5400000e+02	   8.4598308e-08	   3.4838090e-09	   3.3804795e-10	   1.6936501e-11	   5.5399959e-12	   1.6631708e-13	
   6.5500000e+02	   8.5129599e-08	   3.5141138e-09	   3.4169411e-10	   1.7170102e-11	   5.6163675e-12	   1.6942074e-13	
   6.5600000e+02	   8.5466395e-08	   3.5342324e-09	   3.4416187e-10	   1.7330884e-11	   5.6671538e-12	   1.7157324e-13	
   6.5700000e+02	   8.5764796e-08	   3.5517867e-09	   3.4629590e-10	   1.7468585e-11	   5.7099101e-12	   1.7338724e-13	
   6.5800000e+02	   8.6083668e-08	   3.5712074e-09	   3.4870462e-10	   1.7626574e-11	   5.7607312e-12	   1.7550484e-13	
   6.5900000e+02	   8.6444655e-08	   3.5943401e-09	   3.5165199e-10	   1.7824037e-11	   5.8269133e-12	   1.7821556e-13	
   6.6000000e+02	   8.6825977e-08	   3.6191792e-09	   3.5484432e-10	   1.8038633e-11	   5.9004364e-12	   1.8117485e-13	
   6.6100000e+02	   8.7199563e-08	   3.6431717e-09	   3.5791085e-10	   1.8242481e-11	   5.9711701e-12	   1.8395582e-13	
   6.6200000e+02	   8.7571652e-08	   3.6668955e-09	   3.6094041e-10	   1.8442449e-11	   6.0416804e-12	   1.8666801e-13	
   6.6300000e+02	   8.7970954e-08	   3.6929828e-09	   3.6432238e-10	   1.8668149e-11	   6.1228214e-12	   1.8977240e-13	
   6.6400000e+02	   8.8410003e-08	   3.7226013e-09	   3.6822927e-10	   1.8932894e-11	   6.2193686e-12	   1.9347746e-13	
   6.6500000e+02	   8.8869000e-08	   3.7539680e-09	   3.7239726e-10	   1.9216952e-11	   6.3238497e-12	   1.9747588e-13	
   6.6600000e+02	   8.9315715e-08	   3.7841645e-09	   3.7639427e-10	   1.9487836e-11	   6.4240664e-12	   2.0126127e-13	
   6.6700000e+02	   8.9742878e-08	   3.8125782e-09	   3.8013073e-10	   1.9739331e-11	   6.5175891e-12	   2.0474602e-13	
   6.6800000e+02	   9.0176593e-08	   3.8416718e-09	   3.8397351e-10	   2.0000130e-11	   6.6149527e-12	   2.0839640e-13	
   6.6900000e+02	   9.0635666e-08	   3.8732135e-09	   3.8818347e-10	   2.0290534e-11	   6.7235196e-12	   2.1253802e-13	
   6.7000000e+02	   9.1101352e-08	   3.9054840e-09	   3.9250037e-10	   2.0590646e-11	   6.8356589e-12	   2.1684974e-13	
   6.7100000e+02	   9.1546798e-08	   3.9360264e-09	   3.9655599e-10	   2.0872457e-11	   6.9407625e-12	   2.2088591e-13	
   6.7200000e+02	   9.1976169e-08	   3.9652818e-09	   4.0041801e-10	   2.1141892e-11	   7.0409382e-12	   2.2475476e-13	
   6.7300000e+02	   9.2414592e-08	   3.9956374e-09	   4.0444544e-10	   2.1427452e-11	   7.1467314e-12	   2.2893010e-13	
   6.7400000e+02	   9.2872030e-08	   4.0280367e-09	   4.0877807e-10	   2.1740384e-11	   7.2621947e-12	   2.3359853e-13	
   6.7500000e+02	   9.3328714e-08	   4.0606039e-09	   4.1312844e-10	   2.2058242e-11	   7.3787362e-12	   2.3838587e-13	
   6.7600000e+02	   9.3755676e-08	   4.0905815e-09	   4.1707606e-10	   2.2347914e-11	   7.4838272e-12	   2.4273902e-13	
   6.7700000e+02	   9.4152724e-08	   4.1179433e-09	   4.2061857e-10	   2.2609271e-11	   7.5775059e-12	   2.4665993e-13	
   6.7800000e+02	   9.4558469e-08	   4.1463563e-09	   4.2431897e-10	   2.2886905e-11	   7.6768114e-12	   2.5090486e-13	
   6.7900000e+02	   9.5010276e-08	   4.1793678e-09	   4.2872253e-10	   2.3223827e-11	   7.7982367e-12	   2.5620183e-13	
   6.8000000e+02	   9.5506741e-08	   4.2168292e-09	   4.3380972e-10	   2.3618016e-11	   7.9412549e-12	   2.6251585e-13	
   6.8100000e+02	   9.6021187e-08	   4.2561826e-09	   4.3919260e-10	   2.4038102e-11	   8.0942351e-12	   2.6931464e-13	
   6.8200000e+02	   9.6533535e-08	   4.2954942e-09	   4.4457805e-10	   2.4460194e-11	   8.2483646e-12	   2.7619031e-13	
   6.8300000e+02	   9.7036449e-08	   4.3340344e-09	   4.4985548e-10	   2.4874746e-11	   8.4002362e-12	   2.8297254e-13	
   6.8400000e+02	   9.7526364e-08	   4.3714254e-09	   4.5496701e-10	   2.5276280e-11	   8.5479630e-12	   2.8955591e-13	
   6.8500000e+02	   9.8003251e-08	   4.4076387e-09	   4.5990946e-10	   2.5663865e-11	   8.6913990e-12	   2.9591701e-13	
   6.8600000e+02	   9.8474653e-08	   4.4433972e-09	   4.6479761e-10	   2.6046407e-11	   8.8341688e-12	   3.0221063e-13	
   6.8700000e+02	   9.8950866e-08	   4.4797058e-09	   4.6979034e-10	   2.6436548e-11	   8.9813320e-12	   3.0865953e-13	
   6.8800000e+02	   9.9433010e-08	   4.5166749e-09	   4.7490523e-10	   2.6835253e-11	   9.1334508e-12	   3.1527409e-13	
   6.8900000e+02	   9.9905207e-08	   4.5527380e-09	   4.7989393e-10	   2.7221354e-11	   9.2825134e-12	   3.2165850e-13	
   6.9000000e+02	   1.0034355e-07	   4.5855311e-09	   4.8438074e-10	   2.7563158e-11	   9.4163563e-12	   3.2722354e-13	
   6.9100000e+02	   1.0074206e-07	   4.6144715e-09	   4.8827192e-10	   2.7852941e-11	   9.5319560e-12	   3.3182603e-13	
   6.9200000e+02	   1.0112774e-07	   4.6422548e-09	   4.9199438e-10	   2.8127133e-11	   9.6432494e-12	   3.3614574e-13	
   6.9300000e+02	   1.0154112e-07	   4.6729258e-09	   4.9619042e-10	   2.8440546e-11	   9.7712393e-12	   3.4120888e-13	
   6.9400000e+02	   1.0199999e-07	   4.7082429e-09	   5.0113864e-10	   2.8817233e-11	   9.9249944e-12	   3.4746932e-13	
   6.9500000e+02	   1.0247751e-07	   4.7454710e-09	   5.0639909e-10	   2.9220008e-11	   1.0089760e-11	   3.5422858e-13	
   6.9600000e+02	   1.0291455e-07	   4.7786044e-09	   5.1100663e-10	   2.9566672e-11	   1.0233198e-11	   3.5993435e-13	
   6.9700000e+02	   1.0326383e-07	   4.8028286e-09	   5.1418605e-10	   2.9791158e-11	   1.0329218e-11	   3.6333685e-13	
   6.9800000e+02	   1.0352615e-07	   4.8181907e-09	   5.1594228e-10	   2.9894164e-11	   1.0377776e-11	   3.6445094e-13	
   6.9900000e+02	   1.0374466e-07	   4.8290263e-09	   5.1696941e-10	   2.9935449e-11	   1.0401938e-11	   3.6441165e-13	
   7.0000000e+02	   1.0397325e-07	   4.8407673e-09	   5.1813857e-10	   2.9989992e-11	   1.0430807e-11	   3.6464333e-13	
   7.0100000e+02	   1.0424913e-07	   4.8571580e-09	   5.2005076e-10	   3.0109665e-11	   1.0484533e-11	   3.6613380e-13	
   7.0200000e+02	   1.0458324e-07	   4.8792864e-09	   5.2288096e-10	   3.0309833e-11	   1.0569053e-11	   3.6918181e-13	
   7.0300000e+02	   1.0496884e-07	   4.9064369e-09	   5.2651482e-10	   3.0580997e-11	   1.0680645e-11	   3.7361873e-13	
   7.0400000e+02	   1.0539436e-07	   4.9374047e-09	   5.3075982e-10	   3.0906843e-11	   1.0812999e-11	   3.7914921e-13	
   7.0500000e+02	   1.0584865e-07	   4.9710374e-09	   5.3543187e-10	   3.1271631e-11	   1.0960064e-11	   3.8548640e-13	
   7.0600000e+02	   1.0631878e-07	   5.0060199e-09	   5.4031992e-10	   3.1657098e-11	   1.1114782e-11	   3.9228648e-13	
   7.0700000e+02	   1.0678725e-07	   5.0405904e-09	   5.4513929e-10	   3.2038411e-11	   1.1267438e-11	   3.9906786e-13	
   7.0800000e+02	   1.0723641e-07	   5.0729853e-09	   5.4960413e-10	   3.2390516e-11	   1.1408181e-11	   4.0533641e-13	
   7.0900000e+02	   1.0765995e-07	   5.1026160e-09	   5.5361948e-10	   3.2704971e-11	   1.1533723e-11	   4.1091762e-13	
   7.1000000e+02	   1.0806618e-07	   5.1304011e-09	   5.5733578e-10	   3.2994769e-11	   1.1649269e-11	   4.1605365e-13	
   7.1100000e+02	   1.0846613e-07	   5.1575424e-09	   5.6094992e-10	   3.3276999e-11	   1.1761656e-11	   4.2106798e-13	
   7.1200000e+02	   1.0886985e-07	   5.1851561e-09	   5.6464685e-10	   3.3567998e-11	   1.1877468e-11	   4.2627896e-13	
   7.1300000e+02	   1.0930218e-07	   5.2159125e-09	   5.6886894e-10	   3.3907193e-11	   1.2012568e-11	   4.3247544e-13	
   7.1400000e+02	   1.0979881e-07	   5.2536100e-09	   5.7424379e-10	   3.4350414e-11	   1.2189371e-11	   4.4077372e-13	
   7.1500000e+02	   1.1036234e-07	   5.2985830e-09	   5.8082774e-10	   3.4902629e-11	   1.2409925e-11	   4.5126617e-13	
   7.1600000e+02	   1.1094453e-07	   5.3458643e-09	   5.8780510e-10	   3.5491488e-11	   1.2645372e-11	   4.6249894e-13	
   7.1700000e+02	   1.1150079e-07	   5.3908856e-09	   5.9442879e-10	   3.6051182e-11	   1.2869549e-11	   4.7316416e-13	
   7.1800000e+02	   1.1203417e-07	   5.4340493e-09	   6.0077004e-10	   3.6588713e-11	   1.3085451e-11	   4.8341757e-13	
   7.1900000e+02	   1.1255648e-07	   5.4766078e-09	   6.0703146e-10	   3.7121816e-11	   1.3300236e-11	   4.9359832e-13	
   7.2000000e+02	   1.1304275e-07	   5.5158833e-09	   6.1275809e-10	   3.7608602e-11	   1.3497026e-11	   5.0280950e-13	
   7.2100000e+02	   1.1345999e-07	   5.5483501e-09	   6.1735663e-10	   3.7995122e-11	   1.3654125e-11	   5.0992228e-13	
   7.2200000e+02	   1.1381331e-07	   5.5745157e-09	   6.2090991e-10	   3.8288967e-11	   1.3774618e-11	   5.1509606e-13	
   7.2300000e+02	   1.1413414e-07	   5.5976702e-09	   6.2396651e-10	   3.8539824e-11	   1.3878464e-11	   5.1936399e-13	
   7.2400000e+02	   1.1444033e-07	   5.6196408e-09	   6.2683067e-10	   3.8774888e-11	   1.3976431e-11	   5.2328679e-13	
   7.2500000e+02	   1.1472294e-07	   5.6393992e-09	   6.2932938e-10	   3.8977736e-11	   1.4061597e-11	   5.2651361e-13	
   7.2600000e+02	   1.1496113e-07	   5.6546501e-09	   6.3107809e-10	   3.9112631e-11	   1.4119214e-11	   5.2829128e-13	
   7.2700000e+02	   1.1514275e-07	   5.6640329e-09	   6.3184983e-10	   3.9158360e-11	   1.4140439e-11	   5.2817499e-13	
   7.2800000e+02	   1.1527473e-07	   5.6682356e-09	   6.3176209e-10	   3.9125416e-11	   1.4129313e-11	   5.2639001e-13	
   7.2900000e+02	   1.1537593e-07	   5.6692291e-09	   6.3114823e-10	   3.9044226e-11	   1.4097998e-11	   5.2358388e-13	
   7.3000000e+02	   1.1545586e-07	   5.6679962e-09	   6.3017757e-10	   3.8930385e-11	   1.4052687e-11	   5.2010115e-13	
   7.3100000e+02	   1.1549357e-07	   5.6622868e-09	   6.2848122e-10	   3.8750534e-11	   1.3979785e-11	   5.1527784e-13	
   7.3200000e+02	   1.1544366e-07	   5.6472622e-09	   6.2526051e-10	   3.8432364e-11	   1.3849980e-11	   5.0765252e-13	
   7.3300000e+02	   1.1527755e-07	   5.6198918e-09	   6.2002028e-10	   3.7931564e-11	   1.3645363e-11	   4.9635196e-13	
   7.3400000e+02	   1.1501391e-07	   5.5821835e-09	   6.1310636e-10	   3.7280714e-11	   1.3379205e-11	   4.8209536e-13	
   7.3500000e+02	   1.1469784e-07	   5.5389643e-09	   6.0533410e-10	   3.6555197e-11	   1.3082102e-11	   4.6648016e-13	
   7.3600000e+02	   1.1435800e-07	   5.4933344e-09	   5.9723310e-10	   3.5804538e-11	   1.2774188e-11	   4.5056888e-13	
   7.3700000e+02	   1.1398956e-07	   5.4448844e-09	   5.8875366e-10	   3.5026049e-11	   1.2454532e-11	   4.3435942e-13	
   7.3800000e+02	   1.1357980e-07	   5.3923402e-09	   5.7969598e-10	   3.4202694e-11	   1.2116298e-11	   4.1752518e-13	
   7.3900000e+02	   1.1315777e-07	   5.3386554e-09	   5.7052904e-10	   3.3374424e-11	   1.1775169e-11	   4.0077736e-13	
   7.4000000e+02	   1.1280971e-07	   5.2925683e-09	   5.6264017e-10	   3.2659860e-11	   1.1477986e-11	   3.8627972e-13	
   7.4100000e+02	   1.1263048e-07	   5.2636716e-09	   5.5754778e-10	   3.2188494e-11	   1.1275876e-11	   3.7638755e-13	
   7.4200000e+02	   1.1268131e-07	   5.2581414e-09	   5.5622475e-10	   3.2042925e-11	   1.1201350e-11	   3.7258539e-13	
   7.4300000e+02	   1.1301322e-07	   5.2812111e-09	   5.5950831e-10	   3.2295820e-11	   1.1283057e-11	   3.7622345e-13	
   7.4400000e+02	   1.1369826e-07	   5.3405048e-09	   5.6865553e-10	   3.3060589e-11	   1.1566226e-11	   3.8955474e-13	
   7.4500000e+02	   1.1480043e-07	   5.4431913e-09	   5.8490694e-10	   3.4456287e-11	   1.2099301e-11	   4.1517883e-13	
   7.4600000e+02	   1.1631526e-07	   5.5897373e-09	   6.0847153e-10	   3.6518465e-11	   1.2898685e-11	   4.5434986e-13	
   7.4700000e+02	   1.1813846e-07	   5.7702505e-09	   6.3787459e-10	   3.9134798e-11	   1.3922356e-11	   5.0552529e-13	
   7.4800000e+02	   1.2008467e-07	   5.9658951e-09	   6.7010686e-10	   4.2048077e-11	   1.5069692e-11	   5.6408108e-13	
   7.4900000e+02	   1.2194968e-07	   6.1550545e-09	   7.0158109e-10	   4.4934195e-11	   1.6211438e-11	   6.2356353e-13	
   7.5000000e+02	   1.2357985e-07	   6.3207179e-09	   7.2935885e-10	   4.7512997e-11	   1.7233939e-11	   6.7787928e-13	
   7.5100000e+02	   1.2491275e-07	   6.4553121e-09	   7.5203099e-10	   4.9637945e-11	   1.8076335e-11	   7.2343247e-13	
   7.5200000e+02	   1.2597659e-07	   6.5612069e-09	   7.6988831e-10	   5.1322842e-11	   1.8742814e-11	   7.6006338e-13	
   7.5300000e+02	   1.2685113e-07	   6.6467186e-09	   7.8428281e-10	   5.2687283e-11	   1.9281217e-11	   7.9008047e-13	
   7.5400000e+02	   1.2761417e-07	   6.7201990e-09	   7.9661078e-10	   5.3859814e-11	   1.9743606e-11	   8.1614951e-13	
   7.5500000e+02	   1.2830263e-07	   6.7855521e-09	   8.0751302e-10	   5.4897910e-11	   2.0153144e-11	   8.3940471e-13	
   7.5600000e+02	   1.2891060e-07	   6.8419028e-09	   8.1680131e-10	   5.5778770e-11	   2.0500025e-11	   8.5916810e-13	
   7.5700000e+02	   1.2942785e-07	   6.8879706e-09	   8.2423131e-10	   5.6475812e-11	   2.0772992e-11	   8.7473799e-13	
   7.5800000e+02	   1.2988179e-07	   6.9268869e-09	   8.3036263e-10	   5.7045066e-11	   2.0995119e-11	   8.8745476e-13	
   7.5900000e+02	   1.3034164e-07	   6.9666812e-09	   8.3664547e-10	   5.7633974e-11	   2.1227497e-11	   9.0091641e-13	
   7.6000000e+02	   1.3087880e-07	   7.0156642e-09	   8.4458590e-10	   5.8396297e-11	   2.1533894e-11	   9.1889573e-13	
   7.6100000e+02	   1.3150847e-07	   7.0755994e-09	   8.5450644e-10	   5.9364822e-11	   2.1927759e-11	   9.4218780e-13	
   7.6200000e+02	   1.3217133e-07	   7.1395331e-09	   8.6514830e-10	   6.0409985e-11	   2.2354926e-11	   9.6756438e-13	
   7.6300000e+02	   1.3278647e-07	   7.1979722e-09	   8.7478948e-10	   6.1354237e-11	   2.2741189e-11	   9.9059025e-13	
   7.6400000e+02	   1.3331328e-07	   7.2461219e-09	   8.8255775e-10	   6.2106884e-11	   2.3048462e-11	   1.0089648e-12	
   7.6500000e+02	   1.3375851e-07	   7.2847349e-09	   8.8858803e-10	   6.2680748e-11	   2.3281788e-11	   1.0229561e-12	
   7.6600000e+02	   1.3415158e-07	   7.3172441e-09	   8.9350612e-10	   6.3139810e-11	   2.3467628e-11	   1.0341322e-12	
   7.6700000e+02	   1.3452977e-07	   7.3480442e-09	   8.9811927e-10	   6.3567812e-11	   2.3640840e-11	   1.0445993e-12	
   7.6800000e+02	   1.3493227e-07	   7.3817896e-09	   9.0328727e-10	   6.4054822e-11	   2.3839051e-11	   1.0566614e-12	
   7.6900000e+02	   1.3538638e-07	   7.4217361e-09	   9.0961521e-10	   6.4664624e-11	   2.4088927e-11	   1.0719659e-12	
   7.7000000e+02	   1.3588666e-07	   7.4672362e-09	   9.1698793e-10	   6.5385097e-11	   2.4385245e-11	   1.0901952e-12	
   7.7100000e+02	   1.3638653e-07	   7.5127133e-09	   9.2437665e-10	   6.6107151e-11	   2.4681935e-11	   1.1084894e-12	
   7.7200000e+02	   1.3683170e-07	   7.5516594e-09	   9.3057873e-10	   6.6703070e-11	   2.4925061e-11	   1.1234937e-12	
   7.7300000e+02	   1.3722892e-07	   7.5848937e-09	   9.3575219e-10	   6.7190005e-11	   2.5121791e-11	   1.1356744e-12	
   7.7400000e+02	   1.3766145e-07	   7.6224332e-09	   9.4176414e-10	   6.7767278e-11	   2.5356190e-11	   1.1503144e-12	
   7.7500000e+02	   1.3819789e-07	   7.6725203e-09	   9.5015048e-10	   6.8598788e-11	   2.5697441e-11	   1.1717634e-12	
   7.7600000e+02	   1.3880199e-07	   7.7307575e-09	   9.6009157e-10	   6.9596598e-11	   2.6108462e-11	   1.1976901e-12	
   7.7700000e+02	   1.3935883e-07	   7.7832351e-09	   9.6898913e-10	   7.0481788e-11	   2.6471436e-11	   1.2206517e-12	
   7.7800000e+02	   1.3977993e-07	   7.8192167e-09	   9.7483087e-10	   7.1037560e-11	   2.6694684e-11	   1.2348237e-12	
   7.7900000e+02	   1.4008781e-07	   7.8414219e-09	   9.7812192e-10	   7.1318085e-11	   2.6801178e-11	   1.2416589e-12	
   7.8000000e+02	   1.4040371e-07	   7.8645894e-09	   9.8162511e-10	   7.1621850e-11	   2.6917461e-11	   1.2492350e-12	
   7.8100000e+02	   1.4083430e-07	   7.9017197e-09	   9.8778166e-10	   7.2213298e-11	   2.7155727e-11	   1.2647362e-12	
   7.8200000e+02	   1.4138307e-07	   7.9532813e-09	   9.9668157e-10	   7.3102961e-11	   2.7520561e-11	   1.2884755e-12	
   7.8300000e+02	   1.4198389e-07	   8.0112707e-09	   1.0068222e-09	   7.4128882e-11	   2.7943369e-11	   1.3160748e-12	
   7.8400000e+02	   1.4257385e-07	   8.0680368e-09	   1.0167603e-09	   7.5134540e-11	   2.8357702e-11	   1.3432520e-12	
   7.8500000e+02	   1.4310718e-07	   8.1179499e-09	   1.0254215e-09	   7.6001783e-11	   2.8713131e-11	   1.3666836e-12	
   7.8600000e+02	   1.4354798e-07	   8.1565561e-09	   1.0319479e-09	   7.6635179e-11	   2.8968750e-11	   1.3836260e-12	
   7.8700000e+02	   1.4389725e-07	   8.1839599e-09	   1.0363506e-09	   7.7035203e-11	   2.9124618e-11	   1.3940394e-12	
   7.8800000e+02	   1.4421018e-07	   8.2069833e-09	   1.0399253e-09	   7.7344347e-11	   2.9241519e-11	   1.4019087e-12	
   7.8900000e+02	   1.4455355e-07	   8.2338941e-09	   1.0442455e-09	   7.7736165e-11	   2.9393559e-11	   1.4121145e-12	
   7.9000000e+02	   1.4495012e-07	   8.2675187e-09	   1.0498483e-09	   7.8269947e-11	   2.9606064e-11	   1.4263217e-12	
   7.9100000e+02	   1.4537182e-07	   8.3043988e-09	   1.0560701e-09	   7.8872387e-11	   2.9847690e-11	   1.4424433e-12	
   7.9200000e+02	   1.4577328e-07	   8.3389197e-09	   1.0618343e-09	   7.9424329e-11	   3.0067478e-11	   1.4570843e-12	
   7.9300000e+02	   1.4612995e-07	   8.3680497e-09	   1.0665581e-09	   7.9861248e-11	   3.0237821e-11	   1.4683997e-12	
   7.9400000e+02	   1.4645747e-07	   8.3937556e-09	   1.0706174e-09	   8.0225008e-11	   3.0376642e-11	   1.4775862e-12	
   7.9500000e+02	   1.4680171e-07	   8.4217708e-09	   1.0751127e-09	   8.0638045e-11	   3.0536365e-11	   1.4881574e-12	
   7.9600000e+02	   1.4720592e-07	   8.4575178e-09	   1.0810865e-09	   8.1216447e-11	   3.0766680e-11	   1.5034550e-12	
   7.9700000e+02	   1.4767518e-07	   8.5016785e-09	   1.0886714e-09	   8.1974950e-11	   3.1073820e-11	   1.5239103e-12	
   7.9800000e+02	   1.4817252e-07	   8.5496965e-09	   1.0969939e-09	   8.2816163e-11	   3.1415955e-11	   1.5467300e-12	
   7.9900000e+02	   1.4865663e-07	   8.5964674e-09	   1.1050759e-09	   8.3631093e-11	   3.1746308e-11	   1.5687903e-12	
   8.0000000e+02	   1.4910569e-07	   8.6392747e-09	   1.1123958e-09	   8.4361348e-11	   3.2039807e-11	   1.5884069e-12	
   8.0100000e+02	   1.4948884e-07	   8.6741999e-09	   1.1181921e-09	   8.4920773e-11	   3.2259429e-11	   1.6030367e-12	
   8.0200000e+02	   1.4974477e-07	   8.6934781e-09	   1.1209565e-09	   8.5139236e-11	   3.2332149e-11	   1.6076728e-12	
   8.0300000e+02	   1.4982572e-07	   8.6910645e-09	   1.1195187e-09	   8.4885455e-11	   3.2201796e-11	   1.5984855e-12	
   8.0400000e+02	   1.4975981e-07	   8.6704691e-09	   1.1145630e-09	   8.4237200e-11	   3.1902047e-11	   1.5777891e-12	
   8.0500000e+02	   1.4965721e-07	   8.6454718e-09	   1.1087566e-09	   8.3494094e-11	   3.1561574e-11	   1.5543349e-12	
   8.0600000e+02	   1.4964319e-07	   8.6316994e-09	   1.1051155e-09	   8.2993475e-11	   3.1324917e-11	   1.5379025e-12	
   8.0700000e+02	   1.4976034e-07	   8.6344203e-09	   1.1046537e-09	   8.2848460e-11	   3.1240524e-11	   1.5317517e-12	
   8.0800000e+02	   1.4994548e-07	   8.6456922e-09	   1.1058402e-09	   8.2888294e-11	   3.1235440e-11	   1.5309502e-12	
   8.0900000e+02	   1.5012990e-07	   8.6568828e-09	   1.1070107e-09	   8.2927319e-11	   3.1230274e-11	   1.5301303e-12	
   8.1000000e+02	   1.5032941e-07	   8.6699054e-09	   1.1085302e-09	   8.3005859e-11	   3.1242124e-11	   1.5304225e-12	
   8.1100000e+02	   1.5060745e-07	   8.6926300e-09	   1.1119134e-09	   8.3292713e-11	   3.1343043e-11	   1.5366763e-12	
   8.1200000e+02	   1.5100410e-07	   8.7300601e-09	   1.1181309e-09	   8.3897398e-11	   3.1579983e-11	   1.5520970e-12	
   8.1300000e+02	   1.5154091e-07	   8.7849513e-09	   1.1277317e-09	   8.4884188e-11	   3.1980811e-11	   1.5786689e-12	
   8.1400000e+02	   1.5224483e-07	   8.8607724e-09	   1.1414090e-09	   8.6334550e-11	   3.2580898e-11	   1.6189251e-12	
   8.1500000e+02	   1.5311433e-07	   8.9574119e-09	   1.1591614e-09	   8.8251829e-11	   3.3382225e-11	   1.6731219e-12	
   8.1600000e+02	   1.5407972e-07	   9.0661331e-09	   1.1793077e-09	   9.0449049e-11	   3.4305173e-11	   1.7359000e-12	
   8.1700000e+02	   1.5502993e-07	   9.1728920e-09	   1.1991186e-09	   9.2618228e-11	   3.5217873e-11	   1.7982177e-12	
   8.1800000e+02	   1.5588000e-07	   9.2668301e-09	   1.2164662e-09	   9.4516435e-11	   3.6015876e-11	   1.8528043e-12	
   8.1900000e+02	   1.5661928e-07	   9.3464967e-09	   1.2310572e-09	   9.6108993e-11	   3.6684128e-11	   1.8985577e-12	
   8.2000000e+02	   1.5731096e-07	   9.4199146e-09	   1.2444685e-09	   9.7577370e-11	   3.7300959e-11	   1.9409616e-12	
   8.2100000e+02	   1.5803982e-07	   9.4979370e-09	   1.2588465e-09	   9.9170573e-11	   3.7974124e-11	   1.9876369e-12	
   8.2200000e+02	   1.5883994e-07	   9.5848913e-09	   1.2750441e-09	   1.0098739e-10	   3.8746310e-11	   2.0415785e-12	
   8.2300000e+02	   1.5965001e-07	   9.6726914e-09	   1.2914297e-09	   1.0283391e-10	   3.9532782e-11	   2.0965762e-12	
   8.2400000e+02	   1.6034320e-07	   9.7446950e-09	   1.3046498e-09	   1.0431148e-10	   4.0159442e-11	   2.1399076e-12	
   8.2500000e+02	   1.6083434e-07	   9.7897341e-09	   1.3124506e-09	   1.0515132e-10	   4.0508788e-11	   2.1629707e-12	
   8.2600000e+02	   1.6116224e-07	   9.8129336e-09	   1.3158600e-09	   1.0547455e-10	   4.0633571e-11	   2.1696029e-12	
   8.2700000e+02	   1.6145803e-07	   9.8315568e-09	   1.3183543e-09	   1.0569373e-10	   4.0713867e-11	   2.1729575e-12	
   8.2800000e+02	   1.6184684e-07	   9.8620962e-09	   1.3232570e-09	   1.0620377e-10	   4.0922097e-11	   2.1856403e-12	
   8.2900000e+02	   1.6237056e-07	   9.9101164e-09	   1.3316900e-09	   1.0713787e-10	   4.1316411e-11	   2.2119110e-12	
   8.3000000e+02	   1.6297641e-07	   9.9687283e-09	   1.3422632e-09	   1.0832997e-10	   4.1824205e-11	   2.2464645e-12	
   8.3100000e+02	   1.6357256e-07	   1.0025895e-08	   1.3525448e-09	   1.0948930e-10	   4.2318296e-11	   2.2799835e-12	
   8.3200000e+02	   1.6409832e-07	   1.0073658e-08	   1.3609238e-09	   1.1042256e-10	   4.2714030e-11	   2.3062498e-12	
   8.3300000e+02	   1.6455728e-07	   1.0112544e-08	   1.3675067e-09	   1.1114215e-10	   4.3016806e-11	   2.3256697e-12	
   8.3400000e+02	   1.6500852e-07	   1.0150448e-08	   1.3739001e-09	   1.1184163e-10	   4.3311583e-11	   2.3445549e-12	
   8.3500000e+02	   1.6552996e-07	   1.0197802e-08	   1.3822332e-09	   1.1277889e-10	   4.3711776e-11	   2.3713710e-12	
   8.3600000e+02	   1.6617271e-07	   1.0261500e-08	   1.3939204e-09	   1.1412634e-10	   4.4293414e-11	   2.4118403e-12	
   8.3700000e+02	   1.6692766e-07	   1.0340416e-08	   1.4087389e-09	   1.1585801e-10	   4.5045284e-11	   2.4651854e-12	
   8.3800000e+02	   1.6772852e-07	   1.0425773e-08	   1.4248982e-09	   1.1775654e-10	   4.5871784e-11	   2.5242954e-12	
   8.3900000e+02	   1.6849807e-07	   1.0507296e-08	   1.4402937e-09	   1.1956517e-10	   4.6659729e-11	   2.5806973e-12	
   8.4000000e+02	   1.6919554e-07	   1.0579546e-08	   1.4538059e-09	   1.2114610e-10	   4.7348186e-11	   2.6297932e-12	
   8.4100000e+02	   1.6982416e-07	   1.0642972e-08	   1.4655209e-09	   1.2250851e-10	   4.7940991e-11	   2.6718400e-12	
   8.4200000e+02	   1.7040821e-07	   1.0700850e-08	   1.4761082e-09	   1.2373330e-10	   4.8473715e-11	   2.7094992e-12	
   8.4300000e+02	   1.7096580e-07	   1.0755639e-08	   1.4860689e-09	   1.2488096e-10	   4.8972928e-11	   2.7447571e-12	
   8.4400000e+02	   1.7149553e-07	   1.0807150e-08	   1.4953580e-09	   1.2594445e-10	   4.9435299e-11	   2.7773223e-12	
   8.4500000e+02	   1.7198039e-07	   1.0853073e-08	   1.5034897e-09	   1.2686215e-10	   4.9833292e-11	   2.8050500e-12	
   8.4600000e+02	   1.7239473e-07	   1.0889899e-08	   1.5097298e-09	   1.2754152e-10	   5.0125663e-11	   2.8247398e-12	
   8.4700000e+02	   1.7270672e-07	   1.0913259e-08	   1.5131637e-09	   1.2786768e-10	   5.0261282e-11	   2.8324300e-12	
   8.4800000e+02	   1.7289354e-07	   1.0919990e-08	   1.5131306e-09	   1.2775784e-10	   5.0203397e-11	   2.8252766e-12	
   8.4900000e+02	   1.7297447e-07	   1.0912677e-08	   1.5101691e-09	   1.2727968e-10	   4.9982302e-11	   2.8056193e-12	
   8.5000000e+02	   1.7301992e-07	   1.0900889e-08	   1.5062744e-09	   1.2668326e-10	   4.9709489e-11	   2.7820673e-12	
   8.5100000e+02	   1.7310862e-07	   1.0895335e-08	   1.5036796e-09	   1.2624823e-10	   4.9509514e-11	   2.7642293e-12	
   8.5200000e+02	   1.7328610e-07	   1.0902193e-08	   1.5036705e-09	   1.2613537e-10	   4.9453915e-11	   2.7576052e-12	
   8.5300000e+02	   1.7357287e-07	   1.0924229e-08	   1.5068212e-09	   1.2641621e-10	   4.9574428e-11	   2.7646156e-12	
   8.5400000e+02	   1.7398348e-07	   1.0963408e-08	   1.5135399e-09	   1.2714188e-10	   4.9893779e-11	   2.7869993e-12	
   8.5500000e+02	   1.7451179e-07	   1.1018893e-08	   1.5236558e-09	   1.2829172e-10	   5.0402827e-11	   2.8240716e-12	
   8.5600000e+02	   1.7511115e-07	   1.1084335e-08	   1.5358520e-09	   1.2970212e-10	   5.1028781e-11	   2.8702613e-12	
   8.5700000e+02	   1.7570795e-07	   1.1149690e-08	   1.5480392e-09	   1.3111216e-10	   5.1655347e-11	   2.9166163e-12	
   8.5800000e+02	   1.7623049e-07	   1.1205125e-08	   1.5581642e-09	   1.3226403e-10	   5.2167306e-11	   2.9542039e-12	
   8.5900000e+02	   1.7662555e-07	   1.1243305e-08	   1.5646890e-09	   1.3296341e-10	   5.2477531e-11	   2.9762151e-12	
   8.6000000e+02	   1.7687126e-07	   1.1261181e-08	   1.5669707e-09	   1.3312837e-10	   5.2549085e-11	   2.9797292e-12	
   8.6100000e+02	   1.7699401e-07	   1.1262334e-08	   1.5657566e-09	   1.3285258e-10	   5.2423621e-11	   2.9679564e-12	
   8.6200000e+02	   1.7706297e-07	   1.1256237e-08	   1.5630290e-09	   1.3238581e-10	   5.2212741e-11	   2.9495708e-12	
   8.6300000e+02	   1.7714484e-07	   1.1252028e-08	   1.5607013e-09	   1.3196940e-10	   5.2024335e-11	   2.9329685e-12	
   8.6400000e+02	   1.7726152e-07	   1.1252703e-08	   1.5594017e-09	   1.3168276e-10	   5.1893878e-11	   2.9209132e-12	
   8.6500000e+02	   1.7739432e-07	   1.1255689e-08	   1.5585934e-09	   1.3145857e-10	   5.1791231e-11	   2.9110666e-12	
   8.6600000e+02	   1.7751627e-07	   1.1257279e-08	   1.5575029e-09	   1.3119973e-10	   5.1672936e-11	   2.9000575e-12	
   8.6700000e+02	   1.7761666e-07	   1.1255990e-08	   1.5558208e-09	   1.3086744e-10	   5.1521598e-11	   2.8865336e-12	
   8.6800000e+02	   1.7770377e-07	   1.1252937e-08	   1.5537791e-09	   1.3049079e-10	   5.1350136e-11	   2.8714867e-12	
   8.6900000e+02	   1.7778950e-07	   1.1249734e-08	   1.5517141e-09	   1.3011201e-10	   5.1177357e-11	   2.8563671e-12	
   8.7000000e+02	   1.7787438e-07	   1.1246445e-08	   1.5496412e-09	   1.2973331e-10	   5.1004243e-11	   2.8412579e-12	
   8.7100000e+02	   1.7794703e-07	   1.1241519e-08	   1.5472401e-09	   1.2931521e-10	   5.0813199e-11	   2.8248218e-12	
   8.7200000e+02	   1.7799159e-07	   1.1232806e-08	   1.5440691e-09	   1.2880336e-10	   5.0580064e-11	   2.8052310e-12	
   8.7300000e+02	   1.7799321e-07	   1.1218311e-08	   1.5397202e-09	   1.2814801e-10	   5.0282788e-11	   2.7808392e-12	
   8.7400000e+02	   1.7794149e-07	   1.1196665e-08	   1.5339171e-09	   1.2731610e-10	   4.9906817e-11	   2.7505908e-12	
   8.7500000e+02	   1.7783477e-07	   1.1167702e-08	   1.5266331e-09	   1.2630559e-10	   4.9451410e-11	   2.7144919e-12	
   8.7600000e+02	   1.7768205e-07	   1.1132708e-08	   1.5181398e-09	   1.2515113e-10	   4.8932137e-11	   2.6737862e-12	
   8.7700000e+02	   1.7749618e-07	   1.1093496e-08	   1.5088184e-09	   1.2390093e-10	   4.8370625e-11	   2.6301748e-12	
   8.7800000e+02	   1.7727622e-07	   1.1050044e-08	   1.4986787e-09	   1.2255871e-10	   4.7768983e-11	   2.5839229e-12	
   8.7900000e+02	   1.7698742e-07	   1.0997864e-08	   1.4868326e-09	   1.2102081e-10	   4.7082259e-11	   2.5318614e-12	
   8.8000000e+02	   1.7656537e-07	   1.0928596e-08	   1.4716190e-09	   1.1909248e-10	   4.6225784e-11	   2.4679722e-12	
   8.8100000e+02	   1.7595436e-07	   1.0835136e-08	   1.4516503e-09	   1.1661490e-10	   4.5131183e-11	   2.3875397e-12	
   8.8200000e+02	   1.7513776e-07	   1.0715689e-08	   1.4266360e-09	   1.1356473e-10	   4.3790248e-11	   2.2903840e-12	
   8.8300000e+02	   1.7412485e-07	   1.0572023e-08	   1.3970263e-09	   1.1001075e-10	   4.2235733e-11	   2.1794186e-12	
   8.8400000e+02	   1.7292511e-07	   1.0406010e-08	   1.3633039e-09	   1.0602690e-10	   4.0502779e-11	   2.0577434e-12	
   8.8500000e+02	   1.7154405e-07	   1.0219053e-08	   1.3258606e-09	   1.0167605e-10	   3.8621547e-11	   1.9280380e-12	
   8.8600000e+02	   1.6998130e-07	   1.0011956e-08	   1.2849903e-09	   9.7011753e-11	   3.6618327e-11	   1.7927140e-12	
   8.8700000e+02	   1.6821157e-07	   9.7826669e-09	   1.2404747e-09	   9.2034649e-11	   3.4497387e-11	   1.6527864e-12	
   8.8800000e+02	   1.6618182e-07	   9.5259458e-09	   1.1915196e-09	   8.6684914e-11	   3.2237602e-11	   1.5076139e-12	
   8.8900000e+02	   1.6385215e-07	   9.2383201e-09	   1.1376774e-09	   8.0940475e-11	   2.9833543e-11	   1.3574672e-12	
   8.9000000e+02	   1.6123724e-07	   8.9229927e-09	   1.0797439e-09	   7.4910460e-11	   2.7334241e-11	   1.2059006e-12	
   8.9100000e+02	   1.5840133e-07	   8.5889515e-09	   1.0195464e-09	   6.8805933e-11	   2.4829890e-11	   1.0587324e-12	
   8.9200000e+02	   1.5542571e-07	   8.2467440e-09	   9.5911313e-10	   6.2845294e-11	   2.2411341e-11	   9.2135361e-13	
   8.9300000e+02	   1.5238356e-07	   7.9053716e-09	   9.0008974e-10	   5.7192259e-11	   2.0144310e-11	   7.9717305e-13	
   8.9400000e+02	   1.4932968e-07	   7.5711753e-09	   8.4355837e-10	   5.1941322e-11	   1.8064205e-11	   6.8749551e-13	
   8.9500000e+02	   1.4630147e-07	   7.2480806e-09	   7.9011043e-10	   4.7130352e-11	   1.6182287e-11	   5.9209134e-13	
   8.9600000e+02	   1.4333125e-07	   6.9389810e-09	   7.4009767e-10	   4.2767753e-11	   1.4497231e-11	   5.0997477e-13	
   8.9700000e+02	   1.4046604e-07	   6.6477711e-09	   6.9396931e-10	   3.8864271e-11	   1.3007940e-11	   4.4013533e-13	
   8.9800000e+02	   1.3777454e-07	   6.3800750e-09	   6.5239687e-10	   3.5445506e-11	   1.1718702e-11	   3.8184562e-13	
   8.9900000e+02	   1.3532949e-07	   6.1415601e-09	   6.1602443e-10	   3.2533104e-11	   1.0632390e-11	   3.3439291e-13	
   9.0000000e+02	   1.3318850e-07	   5.9361348e-09	   5.8520270e-10	   3.0124485e-11	   9.7430455e-12	   2.9676692e-13	
   9.0100000e+02	   1.3139559e-07	   5.7662189e-09	   5.6004673e-10	   2.8199187e-11	   9.0384633e-12	   2.6779025e-13	
   9.0200000e+02	   1.2998953e-07	   5.6337412e-09	   5.4061130e-10	   2.6735166e-11	   8.5065403e-12	   2.4641683e-13	
   9.0300000e+02	   1.2900123e-07	   5.5401082e-09	   5.2691073e-10	   2.5712436e-11	   8.1368478e-12	   2.3181283e-13	
   9.0400000e+02	   1.2844901e-07	   5.4859033e-09	   5.1888779e-10	   2.5111510e-11	   7.9201028e-12	   2.2332582e-13	
   9.0500000e+02	   1.2834457e-07	   5.4714918e-09	   5.1650538e-10	   2.4920196e-11	   7.8505597e-12	   2.2056116e-13	
   9.0600000e+02	   1.2870183e-07	   5.4978679e-09	   5.1987194e-10	   2.5142910e-11	   7.9293471e-12	   2.2350357e-13	
   9.0700000e+02	   1.2953697e-07	   5.5667136e-09	   5.2925570e-10	   2.5802233e-11	   8.1650872e-12	   2.3254618e-13	
   9.0800000e+02	   1.3086144e-07	   5.6798150e-09	   5.4500772e-10	   2.6934045e-11	   8.5722818e-12	   2.4844612e-13	
   9.0900000e+02	   1.3267488e-07	   5.8384232e-09	   5.6747367e-10	   2.8581818e-11	   9.1694268e-12	   2.7227953e-13	
   9.1000000e+02	   1.3496133e-07	   6.0428477e-09	   5.9693300e-10	   3.0792545e-11	   9.9777031e-12	   3.0542480e-13	
   9.1100000e+02	   1.3768933e-07	   6.2923307e-09	   6.3356929e-10	   3.3614224e-11	   1.1020139e-11	   3.4956193e-13	
   9.1200000e+02	   1.4081401e-07	   6.5850302e-09	   6.7744776e-10	   3.7092975e-11	   1.2320525e-11	   4.0665294e-13	
   9.1300000e+02	   1.4427954e-07	   6.9180249e-09	   7.2849024e-10	   4.1269102e-11	   1.3901794e-11	   4.7888542e-13	
   9.1400000e+02	   1.4802307e-07	   7.2874684e-09	   7.8647167e-10	   4.6174454e-11	   1.5784803e-11	   5.6862077e-13	
   9.1500000e+02	   1.5198111e-07	   7.6890678e-09	   8.5107190e-10	   5.1834415e-11	   1.7988823e-11	   6.7841408e-13	
   9.1600000e+02	   1.5609736e-07	   8.1187991e-09	   9.2197668e-10	   5.8275102e-11	   2.0534155e-11	   8.1115053e-13	
   9.1700000e+02	   1.6032923e-07	   8.5736381e-09	   9.9899851e-10	   6.5534163e-11	   2.3446404e-11	   9.7030217e-13	
   9.1800000e+02	   1.6465037e-07	   9.0519478e-09	   1.0821525e-09	   7.3668885e-11	   2.6759895e-11	   1.1601755e-12	
   9.1900000e+02	   1.6904612e-07	   9.5530796e-09	   1.1715974e-09	   8.2751260e-11	   3.0515804e-11	   1.3858519e-12	
   9.2000000e+02	   1.7350065e-07	   1.0075896e-08	   1.2673628e-09	   9.2838233e-11	   3.4749472e-11	   1.6523622e-12	
   9.2100000e+02	   1.7797917e-07	   1.0616493e-08	   1.3688959e-09	   1.0391734e-10	   3.9466417e-11	   1.9629288e-12	
   9.2200000e+02	   1.8241723e-07	   1.1166636e-08	   1.4747118e-09	   1.1585835e-10	   4.4619836e-11	   2.3170398e-12	
   9.2300000e+02	   1.8672748e-07	   1.1714331e-08	   1.5824406e-09	   1.2840601e-10	   5.0104930e-11	   2.7094260e-12	
   9.2400000e+02	   1.9081923e-07	   1.2246182e-08	   1.6892503e-09	   1.4121911e-10	   5.5773785e-11	   3.1305162e-12	
   9.2500000e+02	   1.9461992e-07	   1.2750366e-08	   1.7924538e-09	   1.5394158e-10	   6.1465883e-11	   3.5683603e-12	
   9.2600000e+02	   1.9808783e-07	   1.3218688e-08	   1.8899791e-09	   1.6626581e-10	   6.7036861e-11	   4.0108069e-12	
   9.2700000e+02	   2.0121071e-07	   1.3646820e-08	   1.9804949e-09	   1.7795996e-10	   7.2372560e-11	   4.4469388e-12	
   9.2800000e+02	   2.0399843e-07	   1.4033703e-08	   2.0633614e-09	   1.8887536e-10	   7.7394742e-11	   4.8680774e-12	
   9.2900000e+02	   2.0647788e-07	   1.4381095e-08	   2.1385938e-09	   1.9895331e-10	   8.2066311e-11	   5.2687654e-12	
   9.3000000e+02	   2.0868849e-07	   1.4693059e-08	   2.2067808e-09	   2.0822111e-10	   8.6390934e-11	   5.6471438e-12	
   9.3100000e+02	   2.1067371e-07	   1.4974689e-08	   2.2688104e-09	   2.1675731e-10	   9.0397559e-11	   6.0038269e-12	
   9.3200000e+02	   2.1246854e-07	   1.5230170e-08	   2.3254252e-09	   2.2462917e-10	   9.4111161e-11	   6.3393387e-12	
   9.3300000e+02	   2.1408917e-07	   1.5461086e-08	   2.3768177e-09	   2.3183256e-10	   9.7524069e-11	   6.6514237e-12	
   9.3400000e+02	   2.1553521e-07	   1.5666665e-08	   2.4226735e-09	   2.3829608e-10	   1.0059756e-10	   6.9351316e-12	
   9.3500000e+02	   2.1680772e-07	   1.5846529e-08	   2.4627988e-09	   2.4397082e-10	   1.0330447e-10	   7.1868013e-12	
   9.3600000e+02	   2.1792441e-07	   1.6003024e-08	   2.4976564e-09	   2.4890807e-10	   1.0566612e-10	   7.4075597e-12	
   9.3700000e+02	   2.1891559e-07	   1.6140581e-08	   2.5282170e-09	   2.5323759e-10	   1.0774207e-10	   7.6023656e-12	
   9.3800000e+02	   2.1981176e-07	   1.6263768e-08	   2.5555038e-09	   2.5710099e-10	   1.0959828e-10	   7.7770168e-12	
   9.3900000e+02	   2.2063707e-07	   1.6376244e-08	   2.5803455e-09	   2.6061479e-10	   1.1128946e-10	   7.9364265e-12	
   9.4000000e+02	   2.2140657e-07	   1.6480282e-08	   2.6032558e-09	   2.6385105e-10	   1.1284942e-10	   8.0836070e-12	
   9.4100000e+02	   2.2212317e-07	   1.6576234e-08	   2.6242995e-09	   2.6681570e-10	   1.1428039e-10	   8.2185367e-12	
   9.4200000e+02	   2.2278184e-07	   1.6663191e-08	   2.6432460e-09	   2.6947117e-10	   1.1556390e-10	   8.3391948e-12	
   9.4300000e+02	   2.2338484e-07	   1.6741441e-08	   2.6601551e-09	   2.7182486e-10	   1.1670343e-10	   8.4458066e-12	
   9.4400000e+02	   2.2395054e-07	   1.6813892e-08	   2.6757157e-09	   2.7398033e-10	   1.1774914e-10	   8.5432924e-12	
   9.4500000e+02	   2.2450171e-07	   1.6884182e-08	   2.6907933e-09	   2.7606827e-10	   1.1876434e-10	   8.6379145e-12	
   9.4600000e+02	   2.2504936e-07	   1.6954064e-08	   2.7058041e-09	   2.7815126e-10	   1.1977921e-10	   8.7326521e-12	
   9.4700000e+02	   2.2559127e-07	   1.7023170e-08	   2.7206570e-09	   2.8021482e-10	   1.2078655e-10	   8.8267545e-12	
   9.4800000e+02	   2.2612136e-07	   1.7090508e-08	   2.7351119e-09	   2.8222182e-10	   1.2176813e-10	   8.9183769e-12	
   9.4900000e+02	   2.2663832e-07	   1.7155872e-08	   2.7491179e-09	   2.8416421e-10	   1.2271989e-10	   9.0071085e-12	
   9.5000000e+02	   2.2714927e-07	   1.7220421e-08	   2.7629547e-09	   2.8608489e-10	   1.2366268e-10	   9.0950671e-12	
   9.5100000e+02	   2.2766721e-07	   1.7286286e-08	   2.7771368e-09	   2.8806315e-10	   1.2463514e-10	   9.1861924e-12	
   9.5200000e+02	   2.2820246e-07	   1.7355159e-08	   2.7920737e-09	   2.9016226e-10	   1.2566812e-10	   9.2836393e-12	
   9.5300000e+02	   2.2875180e-07	   1.7426518e-08	   2.8076386e-09	   2.9236242e-10	   1.2675184e-10	   9.3864122e-12	
   9.5400000e+02	   2.2929735e-07	   1.7497429e-08	   2.8231187e-09	   2.9455299e-10	   1.2783202e-10	   9.4889585e-12	
   9.5500000e+02	   2.2982121e-07	   1.7564958e-08	   2.8378016e-09	   2.9662324e-10	   1.2885430e-10	   9.5857114e-12	
   9.5600000e+02	   2.3032085e-07	   1.7628691e-08	   2.8515853e-09	   2.9855717e-10	   1.2981075e-10	   9.6758550e-12	
   9.5700000e+02	   2.3080882e-07	   1.7690693e-08	   2.8649719e-09	   3.0043265e-10	   1.3073943e-10	   9.7633024e-12	
   9.5800000e+02	   2.3130130e-07	   1.7753633e-08	   2.8786100e-09	   3.0235060e-10	   1.3168980e-10	   9.8531496e-12	
   9.5900000e+02	   2.3180756e-07	   1.7819045e-08	   2.8928741e-09	   3.0436947e-10	   1.3269050e-10	   9.9483654e-12	
   9.6000000e+02	   2.3232933e-07	   1.7887231e-08	   2.9078392e-09	   3.0650130e-10	   1.3374748e-10	   1.0049599e-11	
   9.6100000e+02	   2.3286986e-07	   1.7958753e-08	   2.9236466e-09	   3.0876906e-10	   1.3487219e-10	   1.0158104e-11	
   9.6200000e+02	   2.3343778e-07	   1.8035065e-08	   2.9406568e-09	   3.1123027e-10	   1.3609313e-10	   1.0276918e-11	
   9.6300000e+02	   2.3403569e-07	   1.8116619e-08	   2.9589827e-09	   3.1390322e-10	   1.3741938e-10	   1.0407034e-11	
   9.6400000e+02	   2.3464805e-07	   1.8200831e-08	   2.9779901e-09	   3.1668791e-10	   1.3880152e-10	   1.0543295e-11	
   9.6500000e+02	   2.3524438e-07	   1.8282612e-08	   2.9964250e-09	   3.1938571e-10	   1.4014122e-10	   1.0675367e-11	
   9.6600000e+02	   2.3579308e-07	   1.8356659e-08	   3.0129765e-09	   3.2178796e-10	   1.4133494e-10	   1.0792300e-11	
   9.6700000e+02	   2.3627474e-07	   1.8419698e-08	   3.0268302e-09	   3.2376402e-10	   1.4231758e-10	   1.0887148e-11	
   9.6800000e+02	   2.3669059e-07	   1.8471907e-08	   3.0380238e-09	   3.2531856e-10	   1.4309109e-10	   1.0960035e-11	
   9.6900000e+02	   2.3706280e-07	   1.8516992e-08	   3.0474697e-09	   3.2659579e-10	   1.4372670e-10	   1.1018444e-11	
   9.7000000e+02	   2.3742223e-07	   1.8560129e-08	   3.0564454e-09	   3.2779861e-10	   1.4432486e-10	   1.1072991e-11	
   9.7100000e+02	   2.3778554e-07	   1.8604112e-08	   3.0656401e-09	   3.2903641e-10	   1.4493971e-10	   1.1129391e-11	
   9.7200000e+02	   2.3814212e-07	   1.8647146e-08	   3.0746077e-09	   3.3023756e-10	   1.4553549e-10	   1.1183827e-11	
   9.7300000e+02	   2.3846557e-07	   1.8684785e-08	   3.0822444e-09	   3.3122554e-10	   1.4602436e-10	   1.1226951e-11	
   9.7400000e+02	   2.3873277e-07	   1.8713132e-08	   3.0875837e-09	   3.3184584e-10	   1.4632943e-10	   1.1250585e-11	
   9.7500000e+02	   2.3892983e-07	   1.8729852e-08	   3.0900467e-09	   3.3200623e-10	   1.4640475e-10	   1.1249866e-11	
   9.7600000e+02	   2.3904693e-07	   1.8733306e-08	   3.0892312e-09	   3.3164333e-10	   1.4621887e-10	   1.1221516e-11	
   9.7700000e+02	   2.3907391e-07	   1.8721818e-08	   3.0847286e-09	   3.3069369e-10	   1.4574046e-10	   1.1162332e-11	
   9.7800000e+02	   2.3900509e-07	   1.8694480e-08	   3.0763245e-09	   3.2912551e-10	   1.4495405e-10	   1.1070839e-11	
   9.7900000e+02	   2.3885054e-07	   1.8653041e-08	   3.0644641e-09	   3.2701229e-10	   1.4389656e-10	   1.0951125e-11	
   9.8000000e+02	   2.3863370e-07	   1.8601510e-08	   3.0501548e-09	   3.2451754e-10	   1.4264974e-10	   1.0812051e-11	
   9.8100000e+02	   2.3836661e-07	   1.8542014e-08	   3.0339453e-09	   3.2173313e-10	   1.4126004e-10	   1.0658819e-11	
   9.8200000e+02	   2.3803425e-07	   1.8472163e-08	   3.0152764e-09	   3.1857637e-10	   1.3968752e-10	   1.0487600e-11	
   9.8300000e+02	   2.3761371e-07	   1.8388250e-08	   2.9932641e-09	   3.1491337e-10	   1.3786692e-10	   1.0291901e-11	
   9.8400000e+02	   2.3710086e-07	   1.8289707e-08	   2.9677945e-09	   3.1073154e-10	   1.3579300e-10	   1.0071497e-11	
   9.8500000e+02	   2.3651232e-07	   1.8179404e-08	   2.9395936e-09	   3.0614987e-10	   1.3352553e-10	   9.8328896e-12	
   9.8600000e+02	   2.3587124e-07	   1.8061273e-08	   2.9096410e-09	   3.0132574e-10	   1.3114297e-10	   9.5844270e-12	
   9.8700000e+02	   2.3519642e-07	   1.7938495e-08	   2.8787251e-09	   2.9638499e-10	   1.2870791e-10	   9.3327049e-12	
   9.8800000e+02	   2.3449605e-07	   1.7812488e-08	   2.8472041e-09	   2.9138618e-10	   1.2624972e-10	   9.0808688e-12	
   9.8900000e+02	   2.3376384e-07	   1.7682321e-08	   2.8148720e-09	   2.8630160e-10	   1.2375556e-10	   8.8278180e-12	
   9.9000000e+02	   2.3298548e-07	   1.7545763e-08	   2.7812106e-09	   2.8105609e-10	   1.2118936e-10	   8.5701246e-12	
   9.9100000e+02	   2.3215675e-07	   1.7402193e-08	   2.7460823e-09	   2.7563103e-10	   1.1854246e-10	   8.3070104e-12	
   9.9200000e+02	   2.3129016e-07	   1.7253686e-08	   2.7099906e-09	   2.7010409e-10	   1.1585297e-10	   8.0422814e-12	
   9.9300000e+02	   2.3039544e-07	   1.7101926e-08	   2.6733556e-09	   2.6454201e-10	   1.1315398e-10	   7.7793374e-12	
   9.9400000e+02	   2.2945947e-07	   1.6945311e-08	   2.6358491e-09	   2.5890352e-10	   1.1042666e-10	   7.5166421e-12	
   9.9500000e+02	   2.2842160e-07	   1.6778357e-08	   2.5964795e-09	   2.5307258e-10	   1.0761858e-10	   7.2499279e-12	
   9.9600000e+02	   2.2693798e-07	   1.6576973e-08	   2.5516919e-09	   2.4672770e-10	   1.0459711e-10	   6.9711555e-12	
   9.9700000e+02	   2.2333933e-07	   1.6224872e-08	   2.4844006e-09	   2.3833181e-10	   1.0072927e-10	   6.6423043e-12	
   9.9800000e+02	   2.1254307e-07	   1.5364466e-08	   2.3415217e-09	   2.2302655e-10	   9.3999429e-11	   6.1388380e-12	
   9.9900000e+02	   1.8607851e-07	   1.3398331e-08	   2.0341382e-09	   1.9263927e-10	   8.1010606e-11	   5.2493615e-12	
   1.0000000e+03	   1.3988401e-07	   1.0043683e-08	   1.5206791e-09	   1.4341913e-10	   6.0214819e-11	   3.8798378e-12	
