   6.5000000e+02	   6.0866401e-08	   2.9756073e-09	   3.3784253e-10	   2.1299674e-11	   7.6135482e-12	   3.0622579e-13	
   6.5100000e+02	   8.0986284e-08	   3.9659923e-09	   4.5097480e-10	   2.8492139e-11	   1.0188509e-11	   4.1104126e-13	
   6.5200000e+02	   9.2489889e-08	   4.5375908e-09	   5.1680065e-10	   3.2722036e-11	   1.1704212e-11	   4.7371343e-13	
   6.5300000e+02	   9.7120729e-08	   4.7729258e-09	   5.4441323e-10	   3.4538108e-11	   1.2354518e-11	   5.0154542e-13	
   6.5400000e+02	   9.8586206e-08	   4.8526688e-09	   5.5427220e-10	   3.5226245e-11	   1.2599809e-11	   5.1293883e-13	
   6.5500000e+02	   9.9133702e-08	   4.8872803e-09	   5.5898270e-10	   3.5587329e-11	   1.2728155e-11	   5.1956670e-13	
   6.5600000e+02	   9.9502716e-08	   4.9128010e-09	   5.6262415e-10	   3.5877252e-11	   1.2831510e-11	   5.2508715e-13	
   6.5700000e+02	   9.9852433e-08	   4.9374512e-09	   5.6617796e-10	   3.6162271e-11	   1.2934681e-11	   5.3057916e-13	
   6.5800000e+02	   1.0024184e-07	   4.9664617e-09	   5.7049134e-10	   3.6519417e-11	   1.3068870e-11	   5.3775243e-13	
   6.5900000e+02	   1.0070718e-07	   5.0036817e-09	   5.7622685e-10	   3.7011417e-11	   1.3259681e-11	   5.4803972e-13	
   6.6000000e+02	   1.0123037e-07	   5.0471071e-09	   5.8304012e-10	   3.7605267e-11	   1.3493919e-11	   5.6068716e-13	
   6.6100000e+02	   1.0174782e-07	   5.0897391e-09	   5.8971964e-10	   3.8185001e-11	   1.3724623e-11	   5.7302852e-13	
   6.6200000e+02	   1.0220801e-07	   5.1259173e-09	   5.9528366e-10	   3.8656687e-11	   1.3913580e-11	   5.8289820e-13	
   6.6300000e+02	   1.0262690e-07	   5.1574563e-09	   6.0005191e-10	   3.9051903e-11	   1.4073410e-11	   5.9104553e-13	
   6.6400000e+02	   1.0307110e-07	   5.1917838e-09	   6.0532114e-10	   3.9496401e-11	   1.4254882e-11	   6.0040540e-13	
   6.6500000e+02	   1.0356116e-07	   5.2311727e-09	   6.1147880e-10	   4.0027164e-11	   1.4472456e-11	   6.1180243e-13	
   6.6600000e+02	   1.0402891e-07	   5.2680190e-09	   6.1717957e-10	   4.0512978e-11	   1.4672070e-11	   6.2210411e-13	
   6.6700000e+02	   1.0441542e-07	   5.2957961e-09	   6.2127570e-10	   4.0842808e-11	   1.4808139e-11	   6.2869513e-13	
   6.6800000e+02	   1.0475895e-07	   5.3188670e-09	   6.2454039e-10	   4.1093360e-11	   1.4911871e-11	   6.3343070e-13	
   6.6900000e+02	   1.0513312e-07	   5.3455280e-09	   6.2843690e-10	   4.1408342e-11	   1.5041769e-11	   6.3974326e-13	
   6.7000000e+02	   1.0555118e-07	   5.3772956e-09	   6.3322963e-10	   4.1813981e-11	   1.5208193e-11	   6.4825433e-13	
   6.7100000e+02	   1.0597796e-07	   5.4102589e-09	   6.3822549e-10	   4.2242926e-11	   1.5383233e-11	   6.5735749e-13	
   6.7200000e+02	   1.0638955e-07	   5.4417673e-09	   6.4295449e-10	   4.2649747e-11	   1.5547996e-11	   6.6597372e-13	
   6.7300000e+02	   1.0678383e-07	   5.4715979e-09	   6.4737464e-10	   4.3030858e-11	   1.5700730e-11	   6.7402171e-13	
   6.7400000e+02	   1.0716827e-07	   5.5005990e-09	   6.5163545e-10	   4.3401644e-11	   1.5847572e-11	   6.8188625e-13	
   6.7500000e+02	   1.0757088e-07	   5.5319633e-09	   6.5630924e-10	   4.3819652e-11	   1.6012281e-11	   6.9100068e-13	
   6.7600000e+02	   1.0803616e-07	   5.5707477e-09	   6.6230359e-10	   4.4375398e-11	   1.6232428e-11	   7.0360445e-13	
   6.7700000e+02	   1.0857428e-07	   5.6180784e-09	   6.6982107e-10	   4.5088391e-11	   1.6516344e-11	   7.2016842e-13	
   6.7800000e+02	   1.0913558e-07	   5.6682571e-09	   6.7784187e-10	   4.5855921e-11	   1.6821909e-11	   7.3814380e-13	
   6.7900000e+02	   1.0966742e-07	   5.7152706e-09	   6.8529371e-10	   4.6570514e-11	   1.7105137e-11	   7.5488583e-13	
   6.8000000e+02	   1.1017121e-07	   5.7592920e-09	   6.9221675e-10	   4.7236262e-11	   1.7368258e-11	   7.7052609e-13	
   6.8100000e+02	   1.1067662e-07	   5.8037051e-09	   6.9922410e-10	   4.7914043e-11	   1.7636929e-11	   7.8658148e-13	
   6.8200000e+02	   1.1118958e-07	   5.8491333e-09	   7.0642654e-10	   4.8613447e-11	   1.7915442e-11	   8.0325462e-13	
   6.8300000e+02	   1.1169138e-07	   5.8933661e-09	   7.1342290e-10	   4.9292352e-11	   1.8186621e-11	   8.1944587e-13	
   6.8400000e+02	   1.1217069e-07	   5.9350630e-09	   7.1997214e-10	   4.9925332e-11	   1.8440274e-11	   8.3449614e-13	
   6.8500000e+02	   1.1263940e-07	   5.9755975e-09	   7.2632890e-10	   5.0537934e-11	   1.8687471e-11	   8.4906586e-13	
   6.8600000e+02	   1.1311958e-07	   6.0175387e-09	   7.3296597e-10	   5.1178193e-11	   1.8948661e-11	   8.6439754e-13	
   6.8700000e+02	   1.1361534e-07	   6.0613535e-09	   7.3996858e-10	   5.1853939e-11	   1.9227440e-11	   8.8067194e-13	
   6.8800000e+02	   1.1409951e-07	   6.1038359e-09	   7.4674470e-10	   5.2502683e-11	   1.9497872e-11	   8.9621204e-13	
   6.8900000e+02	   1.1453273e-07	   6.1403512e-09	   7.5243719e-10	   5.3034497e-11	   1.9722360e-11	   9.0861350e-13	
   6.9000000e+02	   1.1489272e-07	   6.1682681e-09	   7.5655646e-10	   5.3397997e-11	   1.9879228e-11	   9.1649371e-13	
   6.9100000e+02	   1.1518690e-07	   6.1884622e-09	   7.5926026e-10	   5.3609770e-11	   1.9975149e-11	   9.2028476e-13	
   6.9200000e+02	   1.1544950e-07	   6.2049786e-09	   7.6129412e-10	   5.3748406e-11	   2.0042788e-11	   9.2208773e-13	
   6.9300000e+02	   1.1572847e-07	   6.2234944e-09	   7.6370782e-10	   5.3924746e-11	   2.0128413e-11	   9.2487820e-13	
   6.9400000e+02	   1.1605750e-07	   6.2479876e-09	   7.6723641e-10	   5.4216612e-11	   2.0264377e-11	   9.3074902e-13	
   6.9500000e+02	   1.1642211e-07	   6.2766999e-09	   7.7154995e-10	   5.4589682e-11	   2.0435666e-11	   9.3878216e-13	
   6.9600000e+02	   1.1676703e-07	   6.3030179e-09	   7.7541722e-10	   5.4914753e-11	   2.0587198e-11	   9.4551362e-13	
   6.9700000e+02	   1.1706398e-07	   6.3235526e-09	   7.7820776e-10	   5.5126104e-11	   2.0690854e-11	   9.4919148e-13	
   6.9800000e+02	   1.1735838e-07	   6.3437183e-09	   7.8092944e-10	   5.5330932e-11	   2.0791816e-11	   9.5272097e-13	
   6.9900000e+02	   1.1772537e-07	   6.3724813e-09	   7.8525223e-10	   5.5706475e-11	   2.0964998e-11	   9.6090109e-13	
   7.0000000e+02	   1.1819422e-07	   6.4133336e-09	   7.9182767e-10	   5.6322501e-11	   2.1239752e-11	   9.7563921e-13	
   7.0100000e+02	   1.1872567e-07	   6.4615563e-09	   7.9977515e-10	   5.7086431e-11	   2.1576441e-11	   9.9444801e-13	
   7.0200000e+02	   1.1924948e-07	   6.5086955e-09	   8.0751401e-10	   5.7831007e-11	   2.1903599e-11	   1.0128021e-12	
   7.0300000e+02	   1.1972574e-07	   6.5499206e-09	   8.1414083e-10	   5.8460663e-11	   2.2180388e-11	   1.0281257e-12	
   7.0400000e+02	   1.2017509e-07	   6.5876865e-09	   8.2011805e-10	   5.9025172e-11	   2.2428162e-11	   1.0418160e-12	
   7.0500000e+02	   1.2064593e-07	   6.6277961e-09	   8.2653682e-10	   5.9641206e-11	   2.2696980e-11	   1.0570990e-12	
   7.0600000e+02	   1.2115350e-07	   6.6720640e-09	   8.3373667e-10	   6.0344517e-11	   2.3002244e-11	   1.0749493e-12	
   7.0700000e+02	   1.2164852e-07	   6.7144907e-09	   8.4058027e-10	   6.1011503e-11	   2.3290865e-11	   1.0918900e-12	
   7.0800000e+02	   1.2205145e-07	   6.7454089e-09	   8.4523489e-10	   6.1443225e-11	   2.3477277e-11	   1.1023206e-12	
   7.0900000e+02	   1.2233870e-07	   6.7619928e-09	   8.4716430e-10	   6.1581131e-11	   2.3536339e-11	   1.1045677e-12	
   7.1000000e+02	   1.2258232e-07	   6.7731102e-09	   8.4805090e-10	   6.1607306e-11	   2.3546603e-11	   1.1037165e-12	
   7.1100000e+02	   1.2288130e-07	   6.7909347e-09	   8.5020681e-10	   6.1772549e-11	   2.3616305e-11	   1.1068020e-12	
   7.1200000e+02	   1.2328298e-07	   6.8213561e-09	   8.5475638e-10	   6.2199601e-11	   2.3798617e-11	   1.1172971e-12	
   7.1300000e+02	   1.2379102e-07	   6.8649569e-09	   8.6182139e-10	   6.2903244e-11	   2.4100317e-11	   1.1356781e-12	
   7.1400000e+02	   1.2439989e-07	   6.9211971e-09	   8.7131069e-10	   6.3875198e-11	   2.4518246e-11	   1.1617751e-12	
   7.1500000e+02	   1.2508247e-07	   6.9868447e-09	   8.8261519e-10	   6.5049791e-11	   2.5024268e-11	   1.1937496e-12	
   7.1600000e+02	   1.2577886e-07	   7.0546133e-09	   8.9434902e-10	   6.6275795e-11	   2.5553117e-11	   1.2272985e-12	
   7.1700000e+02	   1.2643839e-07	   7.1183487e-09	   9.0534244e-10	   6.7425687e-11	   2.6049795e-11	   1.2587981e-12	
   7.1800000e+02	   1.2704899e-07	   7.1766187e-09	   9.1532255e-10	   6.8469481e-11	   2.6501411e-11	   1.2873755e-12	
   7.1900000e+02	   1.2759566e-07	   7.2275289e-09	   9.2391132e-10	   6.9363007e-11	   2.6888488e-11	   1.3116248e-12	
   7.2000000e+02	   1.2802592e-07	   7.2644579e-09	   9.2981205e-10	   6.9959019e-11	   2.7146503e-11	   1.3270792e-12	
   7.2100000e+02	   1.2829781e-07	   7.2821191e-09	   9.3199193e-10	   7.0141034e-11	   2.7224566e-11	   1.3302405e-12	
   7.2200000e+02	   1.2844200e-07	   7.2843442e-09	   9.3119009e-10	   6.9992124e-11	   2.7159094e-11	   1.3235725e-12	
   7.2300000e+02	   1.2854852e-07	   7.2823903e-09	   9.2958520e-10	   6.9756659e-11	   2.7056893e-11	   1.3143209e-12	
   7.2400000e+02	   1.2869768e-07	   7.2862639e-09	   9.2911295e-10	   6.9651157e-11	   2.7012398e-11	   1.3088861e-12	
   7.2500000e+02	   1.2890222e-07	   7.2974951e-09	   9.3006962e-10	   6.9708233e-11	   2.7039567e-11	   1.3082288e-12	
   7.2600000e+02	   1.2911411e-07	   7.3100092e-09	   9.3128266e-10	   6.9796176e-11	   2.7080549e-11	   1.3084692e-12	
   7.2700000e+02	   1.2929571e-07	   7.3190294e-09	   9.3183004e-10	   6.9811320e-11	   2.7089761e-11	   1.3065506e-12	
   7.2800000e+02	   1.2945993e-07	   7.3261084e-09	   9.3201273e-10	   6.9786793e-11	   2.7081385e-11	   1.3034432e-12	
   7.2900000e+02	   1.2961673e-07	   7.3324516e-09	   9.3206936e-10	   6.9749187e-11	   2.7066800e-11	   1.2999599e-12	
   7.3000000e+02	   1.2971857e-07	   7.3321127e-09	   9.3086599e-10	   6.9572598e-11	   2.6990902e-11	   1.2924931e-12	
   7.3100000e+02	   1.2969439e-07	   7.3162603e-09	   9.2672148e-10	   6.9071367e-11	   2.6772733e-11	   1.2757510e-12	
   7.3200000e+02	   1.2950434e-07	   7.2800529e-09	   9.1873899e-10	   6.8149719e-11	   2.6370994e-11	   1.2471819e-12	
   7.3300000e+02	   1.2913454e-07	   7.2220176e-09	   9.0669067e-10	   6.6789503e-11	   2.5778789e-11	   1.2066414e-12	
   7.3400000e+02	   1.2857879e-07	   7.1416867e-09	   8.9054848e-10	   6.4995799e-11	   2.4999549e-11	   1.1546961e-12	
   7.3500000e+02	   1.2786465e-07	   7.0426439e-09	   8.7103479e-10	   6.2853299e-11	   2.4070833e-11	   1.0940109e-12	
   7.3600000e+02	   1.2707537e-07	   6.9351305e-09	   8.5009976e-10	   6.0576068e-11	   2.3085495e-11	   1.0306340e-12	
   7.3700000e+02	   1.2631296e-07	   6.8314974e-09	   8.3005950e-10	   5.8413304e-11	   2.2150794e-11	   9.7135872e-13	
   7.3800000e+02	   1.2564765e-07	   6.7400524e-09	   8.1243944e-10	   5.6524229e-11	   2.1334376e-11	   9.2028416e-13	
   7.3900000e+02	   1.2511412e-07	   6.6646452e-09	   7.9790354e-10	   5.4971612e-11	   2.0661661e-11	   8.7869927e-13	
   7.4000000e+02	   1.2474114e-07	   6.6083086e-09	   7.8694412e-10	   5.3797329e-11	   2.0148659e-11	   8.4721727e-13	
   7.4100000e+02	   1.2457531e-07	   6.5761573e-09	   7.8042767e-10	   5.3081741e-11	   1.9827699e-11	   8.2743109e-13	
   7.4200000e+02	   1.2468070e-07	   6.5754405e-09	   7.7962192e-10	   5.2949029e-11	   1.9750102e-11	   8.2216081e-13	
   7.4300000e+02	   1.2512285e-07	   6.6138797e-09	   7.8592901e-10	   5.3544616e-11	   1.9977312e-11	   8.3509215e-13	
   7.4400000e+02	   1.2597125e-07	   6.7002489e-09	   8.0104049e-10	   5.5058307e-11	   2.0591657e-11	   8.7167820e-13	
   7.4500000e+02	   1.2731561e-07	   6.8463810e-09	   8.2732135e-10	   5.7767038e-11	   2.1714912e-11	   9.4037914e-13	
   7.4600000e+02	   1.2920493e-07	   7.0594785e-09	   8.6632235e-10	   6.1868130e-11	   2.3435994e-11	   1.0478803e-12	
   7.4700000e+02	   1.3149466e-07	   7.3230116e-09	   9.1511065e-10	   6.7071018e-11	   2.5634190e-11	   1.1874511e-12	
   7.4800000e+02	   1.3381868e-07	   7.5929000e-09	   9.6548290e-10	   7.2501840e-11	   2.7936735e-11	   1.3358722e-12	
   7.4900000e+02	   1.3582460e-07	   7.8260639e-09	   1.0093119e-09	   7.7278469e-11	   2.9965037e-11	   1.4689592e-12	
   7.5000000e+02	   1.3739970e-07	   8.0081023e-09	   1.0437706e-09	   8.1078297e-11	   3.1578649e-11	   1.5771523e-12	
   7.5100000e+02	   1.3861881e-07	   8.1471871e-09	   1.0702248e-09	   8.4024084e-11	   3.2827046e-11	   1.6626248e-12	
   7.5200000e+02	   1.3956713e-07	   8.2527353e-09	   1.0902665e-09	   8.6261151e-11	   3.3769092e-11	   1.7280229e-12	
   7.5300000e+02	   1.4027851e-07	   8.3281486e-09	   1.1043970e-09	   8.7822823e-11	   3.4416495e-11	   1.7731969e-12	
   7.5400000e+02	   1.4079560e-07	   8.3785573e-09	   1.1135608e-09	   8.8809147e-11	   3.4812413e-11	   1.8007710e-12	
   7.5500000e+02	   1.4124085e-07	   8.4198788e-09	   1.1209241e-09	   8.9591928e-11	   3.5121227e-11	   1.8224144e-12	
   7.5600000e+02	   1.4179281e-07	   8.4755639e-09	   1.1311986e-09	   9.0731151e-11	   3.5591081e-11	   1.8560301e-12	
   7.5700000e+02	   1.4255255e-07	   8.5589312e-09	   1.1470676e-09	   9.2547271e-11	   3.6364253e-11	   1.9119494e-12	
   7.5800000e+02	   1.4345527e-07	   8.6614519e-09	   1.1668093e-09	   9.4835735e-11	   3.7350450e-11	   1.9836541e-12	
   7.5900000e+02	   1.4435001e-07	   8.7631742e-09	   1.1863877e-09	   9.7113873e-11	   3.8335779e-11	   2.0555790e-12	
   7.6000000e+02	   1.4513347e-07	   8.8503510e-09	   1.2030073e-09	   9.9044499e-11	   3.9170262e-11	   2.1166959e-12	
   7.6100000e+02	   1.4579240e-07	   8.9211175e-09	   1.2162746e-09	   1.0057726e-10	   3.9830905e-11	   2.1652072e-12	
   7.6200000e+02	   1.4636923e-07	   8.9810594e-09	   1.2273209e-09	   1.0184686e-10	   4.0377136e-11	   2.2054380e-12	
   7.6300000e+02	   1.4691703e-07	   9.0372528e-09	   1.2375942e-09	   1.0302853e-10	   4.0886740e-11	   2.2431611e-12	
   7.6400000e+02	   1.4746406e-07	   9.0934651e-09	   1.2478675e-09	   1.0421549e-10	   4.1400978e-11	   2.2814322e-12	
   7.6500000e+02	   1.4799302e-07	   9.1472866e-09	   1.2576349e-09	   1.0534266e-10	   4.1890153e-11	   2.3178982e-12	
   7.6600000e+02	   1.4845910e-07	   9.1925685e-09	   1.2656144e-09	   1.0624854e-10	   4.2281308e-11	   2.3468937e-12	
   7.6700000e+02	   1.4884848e-07	   9.2274069e-09	   1.2714113e-09	   1.0688301e-10	   4.2551624e-11	   2.3666413e-12	
   7.6800000e+02	   1.4920435e-07	   9.2577058e-09	   1.2762608e-09	   1.0740022e-10	   4.2770196e-11	   2.3824744e-12	
   7.6900000e+02	   1.4956879e-07	   9.2892216e-09	   1.2813677e-09	   1.0795051e-10	   4.3004425e-11	   2.3995957e-12	
   7.7000000e+02	   1.4991319e-07	   9.3180414e-09	   1.2859202e-09	   1.0843167e-10	   4.3208160e-11	   2.4144307e-12	
   7.7100000e+02	   1.5014792e-07	   9.3319151e-09	   1.2873689e-09	   1.0852406e-10	   4.3237537e-11	   2.4158596e-12	
   7.7200000e+02	   1.5020785e-07	   9.3219422e-09	   1.2838622e-09	   1.0799537e-10	   4.2987937e-11	   2.3957923e-12	
   7.7300000e+02	   1.5014812e-07	   9.2956280e-09	   1.2769630e-09	   1.0704014e-10	   4.2546435e-11	   2.3609157e-12	
   7.7400000e+02	   1.5014974e-07	   9.2776535e-09	   1.2718091e-09	   1.0630007e-10	   4.2200946e-11	   2.3334098e-12	
   7.7500000e+02	   1.5039235e-07	   9.2925501e-09	   1.2735132e-09	   1.0641493e-10	   4.2238690e-11	   2.3354567e-12	
   7.7600000e+02	   1.5091738e-07	   9.3460220e-09	   1.2832764e-09	   1.0753664e-10	   4.2728039e-11	   2.3724223e-12	
   7.7700000e+02	   1.5161527e-07	   9.4231577e-09	   1.2980060e-09	   1.0927972e-10	   4.3495994e-11	   2.4310366e-12	
   7.7800000e+02	   1.5232478e-07	   9.5019498e-09	   1.3131247e-09	   1.1107160e-10	   4.4285395e-11	   2.4914780e-12	
   7.7900000e+02	   1.5295532e-07	   9.5700323e-09	   1.3260627e-09	   1.1259106e-10	   4.4952140e-11	   2.5426664e-12	
   7.8000000e+02	   1.5352115e-07	   9.6293583e-09	   1.3372330e-09	   1.1389077e-10	   4.5520247e-11	   2.5865281e-12	
   7.8100000e+02	   1.5405436e-07	   9.6842568e-09	   1.3475295e-09	   1.1508139e-10	   4.6039452e-11	   2.6268591e-12	
   7.8200000e+02	   1.5454108e-07	   9.7327254e-09	   1.3565140e-09	   1.1610481e-10	   4.6483244e-11	   2.6614524e-12	
   7.8300000e+02	   1.5498217e-07	   9.7748895e-09	   1.3642107e-09	   1.1696421e-10	   4.6853150e-11	   2.6904330e-12	
   7.8400000e+02	   1.5543397e-07	   9.8185808e-09	   1.3722725e-09	   1.1787118e-10	   4.7244970e-11	   2.7214140e-12	
   7.8500000e+02	   1.5590809e-07	   9.8653751e-09	   1.3810185e-09	   1.1886504e-10	   4.7676178e-11	   2.7556670e-12	
   7.8600000e+02	   1.5629853e-07	   9.9004817e-09	   1.3873002e-09	   1.1954060e-10	   4.7962827e-11	   2.7783626e-12	
   7.8700000e+02	   1.5649651e-07	   9.9087773e-09	   1.3879084e-09	   1.1948662e-10	   4.7918519e-11	   2.7745666e-12	
   7.8800000e+02	   1.5653853e-07	   9.8953982e-09	   1.3839371e-09	   1.1884497e-10	   4.7607767e-11	   2.7494947e-12	
   7.8900000e+02	   1.5659263e-07	   9.8837723e-09	   1.3803536e-09	   1.1825334e-10	   4.7319634e-11	   2.7263103e-12	
   7.9000000e+02	   1.5683099e-07	   9.8978503e-09	   1.3822283e-09	   1.1836076e-10	   4.7348010e-11	   2.7285041e-12	
   7.9100000e+02	   1.5731852e-07	   9.9466722e-09	   1.3914735e-09	   1.1941194e-10	   4.7803663e-11	   2.7649362e-12	
   7.9200000e+02	   1.5798193e-07	   1.0020095e-08	   1.4059445e-09	   1.2113353e-10	   4.8562952e-11	   2.8257663e-12	
   7.9300000e+02	   1.5866966e-07	   1.0097062e-08	   1.4211787e-09	   1.2295478e-10	   4.9367409e-11	   2.8903036e-12	
   7.9400000e+02	   1.5925964e-07	   1.0160569e-08	   1.4335614e-09	   1.2441175e-10	   5.0006624e-11	   2.9416102e-12	
   7.9500000e+02	   1.5974732e-07	   1.0210006e-08	   1.4429634e-09	   1.2548840e-10	   5.0473363e-11	   2.9791223e-12	
   7.9600000e+02	   1.6023694e-07	   1.0260015e-08	   1.4525109e-09	   1.2658923e-10	   5.0951585e-11	   3.0178053e-12	
   7.9700000e+02	   1.6082047e-07	   1.0323516e-08	   1.4649622e-09	   1.2807124e-10	   5.1603625e-11	   3.0708600e-12	
   7.9800000e+02	   1.6147761e-07	   1.0397638e-08	   1.4796950e-09	   1.2985303e-10	   5.2392266e-11	   3.1351849e-12	
   7.9900000e+02	   1.6210442e-07	   1.0467732e-08	   1.4935599e-09	   1.3152473e-10	   5.3130593e-11	   3.1954028e-12	
   8.0000000e+02	   1.6258467e-07	   1.0517383e-08	   1.5030234e-09	   1.3262531e-10	   5.3608207e-11	   3.2341447e-12	
   8.0100000e+02	   1.6281220e-07	   1.0531593e-08	   1.5048524e-09	   1.3273216e-10	   5.3632129e-11	   3.2354335e-12	
   8.0200000e+02	   1.6273241e-07	   1.0502665e-08	   1.4973850e-09	   1.3162735e-10	   5.3102723e-11	   3.1909951e-12	
   8.0300000e+02	   1.6244846e-07	   1.0445169e-08	   1.4837474e-09	   1.2971622e-10	   5.2204404e-11	   3.1159632e-12	
   8.0400000e+02	   1.6223689e-07	   1.0398143e-08	   1.4723264e-09	   1.2808919e-10	   5.1433827e-11	   3.0512038e-12	
   8.0500000e+02	   1.6235785e-07	   1.0398339e-08	   1.4710280e-09	   1.2777603e-10	   5.1260338e-11	   3.0354233e-12	
   8.0600000e+02	   1.6285426e-07	   1.0451883e-08	   1.4811876e-09	   1.2895365e-10	   5.1765092e-11	   3.0754653e-12	
   8.0700000e+02	   1.6355351e-07	   1.0534451e-08	   1.4975935e-09	   1.3094658e-10	   5.2640880e-11	   3.1461673e-12	
   8.0800000e+02	   1.6420855e-07	   1.0611116e-08	   1.5127393e-09	   1.3277783e-10	   5.3442806e-11	   3.2108838e-12	
   8.0900000e+02	   1.6463425e-07	   1.0655639e-08	   1.5209741e-09	   1.3371009e-10	   5.3834950e-11	   3.2418478e-12	
   8.1000000e+02	   1.6478268e-07	   1.0661161e-08	   1.5208153e-09	   1.3354905e-10	   5.3728829e-11	   3.2316939e-12	
   8.1100000e+02	   1.6474925e-07	   1.0641108e-08	   1.5151487e-09	   1.3267043e-10	   5.3295688e-11	   3.1945221e-12	
   8.1200000e+02	   1.6471587e-07	   1.0621145e-08	   1.5094978e-09	   1.3179443e-10	   5.2863610e-11	   3.1574058e-12	
   8.1300000e+02	   1.6485485e-07	   1.0625617e-08	   1.5091071e-09	   1.3160589e-10	   5.2744588e-11	   3.1461407e-12	
   8.1400000e+02	   1.6526506e-07	   1.0668561e-08	   1.5170185e-09	   1.3250538e-10	   5.3121549e-11	   3.1760087e-12	
   8.1500000e+02	   1.6598189e-07	   1.0755175e-08	   1.5343968e-09	   1.3465354e-10	   5.4068967e-11	   3.2535770e-12	
   8.1600000e+02	   1.6699404e-07	   1.0884111e-08	   1.5610100e-09	   1.3803124e-10	   5.5579977e-11	   3.3788172e-12	
   8.1700000e+02	   1.6821035e-07	   1.1042553e-08	   1.5941213e-09	   1.4228604e-10	   5.7495016e-11	   3.5387696e-12	
   8.1800000e+02	   1.6944170e-07	   1.1203413e-08	   1.6278417e-09	   1.4663918e-10	   5.9458051e-11	   3.7034999e-12	
   8.1900000e+02	   1.7047296e-07	   1.1335572e-08	   1.6553424e-09	   1.5017574e-10	   6.1048745e-11	   3.8370721e-12	
   8.2000000e+02	   1.7118398e-07	   1.1421381e-08	   1.6727011e-09	   1.5236090e-10	   6.2019861e-11	   3.9178835e-12	
   8.2100000e+02	   1.7162477e-07	   1.1467823e-08	   1.6814114e-09	   1.5338750e-10	   6.2458870e-11	   3.9530398e-12	
   8.2200000e+02	   1.7196827e-07	   1.1499893e-08	   1.6869676e-09	   1.5399389e-10	   6.2705544e-11	   3.9716837e-12	
   8.2300000e+02	   1.7235279e-07	   1.1537659e-08	   1.6937975e-09	   1.5477815e-10	   6.3035685e-11	   3.9976269e-12	
   8.2400000e+02	   1.7279620e-07	   1.1583681e-08	   1.7024672e-09	   1.5581713e-10	   6.3484889e-11	   4.0339525e-12	
   8.2500000e+02	   1.7329231e-07	   1.1637084e-08	   1.7127974e-09	   1.5708966e-10	   6.4043912e-11	   4.0799925e-12	
   8.2600000e+02	   1.7389307e-07	   1.1705507e-08	   1.7265005e-09	   1.5883266e-10	   6.4822785e-11	   4.1454870e-12	
   8.2700000e+02	   1.7460787e-07	   1.1790222e-08	   1.7438479e-09	   1.6108154e-10	   6.5837475e-11	   4.2317002e-12	
   8.2800000e+02	   1.7530347e-07	   1.1871456e-08	   1.7604030e-09	   1.6322309e-10	   6.6803039e-11	   4.3132991e-12	
   8.2900000e+02	   1.7580534e-07	   1.1923406e-08	   1.7703889e-09	   1.6446104e-10	   6.7349887e-11	   4.3575651e-12	
   8.3000000e+02	   1.7607043e-07	   1.1939756e-08	   1.7723964e-09	   1.6460200e-10	   6.7388419e-11	   4.3566229e-12	
   8.3100000e+02	   1.7622704e-07	   1.1939536e-08	   1.7706919e-09	   1.6423538e-10	   6.7192349e-11	   4.3347670e-12	
   8.3200000e+02	   1.7646739e-07	   1.1951235e-08	   1.7716599e-09	   1.6424253e-10	   6.7170840e-11	   4.3282691e-12	
   8.3300000e+02	   1.7689200e-07	   1.1989779e-08	   1.7786453e-09	   1.6508505e-10	   6.7538141e-11	   4.3561272e-12	
   8.3400000e+02	   1.7745076e-07	   1.2047822e-08	   1.7900041e-09	   1.6653587e-10	   6.8188881e-11	   4.4090420e-12	
   8.3500000e+02	   1.7804641e-07	   1.2111078e-08	   1.8025423e-09	   1.6815502e-10	   6.8919057e-11	   4.4690326e-12	
   8.3600000e+02	   1.7865778e-07	   1.2176557e-08	   1.8156073e-09	   1.6985561e-10	   6.9688937e-11	   4.5327656e-12	
   8.3700000e+02	   1.7933743e-07	   1.2252216e-08	   1.8310094e-09	   1.7189281e-10	   7.0617926e-11	   4.6110986e-12	
   8.3800000e+02	   1.8013041e-07	   1.2344890e-08	   1.8503038e-09	   1.7448605e-10	   7.1808766e-11	   4.7133925e-12	
   8.3900000e+02	   1.8101764e-07	   1.2451808e-08	   1.8728693e-09	   1.7754912e-10	   7.3221424e-11	   4.8361204e-12	
   8.4000000e+02	   1.8192003e-07	   1.2561150e-08	   1.8960216e-09	   1.8070367e-10	   7.4678944e-11	   4.9632724e-12	
   8.4100000e+02	   1.8274965e-07	   1.2659700e-08	   1.9167453e-09	   1.8352187e-10	   7.5980704e-11	   5.0765490e-12	
   8.4200000e+02	   1.8345892e-07	   1.2740259e-08	   1.9333837e-09	   1.8576558e-10	   7.7014464e-11	   5.1655692e-12	
   8.4300000e+02	   1.8404773e-07	   1.2802773e-08	   1.9459062e-09	   1.8742627e-10	   7.7775505e-11	   5.2297263e-12	
   8.4400000e+02	   1.8453598e-07	   1.2850227e-08	   1.9549800e-09	   1.8859534e-10	   7.8306120e-11	   5.2727578e-12	
   8.4500000e+02	   1.8492969e-07	   1.2883525e-08	   1.9608006e-09	   1.8929774e-10	   7.8617546e-11	   5.2955962e-12	
   8.4600000e+02	   1.8521144e-07	   1.2900031e-08	   1.9627560e-09	   1.8944399e-10	   7.8667355e-11	   5.2942822e-12	
   8.4700000e+02	   1.8536636e-07	   1.2897536e-08	   1.9603396e-09	   1.8896127e-10	   7.8421257e-11	   5.2656880e-12	
   8.4800000e+02	   1.8541273e-07	   1.2878904e-08	   1.9542179e-09	   1.8794623e-10	   7.7925025e-11	   5.2141492e-12	
   8.4900000e+02	   1.8540534e-07	   1.2852547e-08	   1.9463306e-09	   1.8667802e-10	   7.7310328e-11	   5.1519169e-12	
   8.5000000e+02	   1.8541816e-07	   1.2829753e-08	   1.9392706e-09	   1.8552772e-10	   7.6751822e-11	   5.0951007e-12	
   8.5100000e+02	   1.8552273e-07	   1.2821388e-08	   1.9355237e-09	   1.8484936e-10	   7.6415796e-11	   5.0589211e-12	
   8.5200000e+02	   1.8576502e-07	   1.2834410e-08	   1.9366753e-09	   1.8486756e-10	   7.6407570e-11	   5.0529415e-12	
   8.5300000e+02	   1.8614291e-07	   1.2868481e-08	   1.9426420e-09	   1.8556947e-10	   7.6721043e-11	   5.0765385e-12	
   8.5400000e+02	   1.8659912e-07	   1.2914912e-08	   1.9514348e-09	   1.8667171e-10	   7.7223290e-11	   5.1175403e-12	
   8.5500000e+02	   1.8704306e-07	   1.2959952e-08	   1.9599083e-09	   1.8772651e-10	   7.7704234e-11	   5.1567415e-12	
   8.5600000e+02	   1.8739017e-07	   1.2990756e-08	   1.9651237e-09	   1.8831520e-10	   7.7967333e-11	   5.1761634e-12	
   8.5700000e+02	   1.8759933e-07	   1.3001055e-08	   1.9656473e-09	   1.8823376e-10	   7.7916793e-11	   5.1670496e-12	
   8.5800000e+02	   1.8769034e-07	   1.2993828e-08	   1.9621637e-09	   1.8758045e-10	   7.7598844e-11	   5.1336540e-12	
   8.5900000e+02	   1.8772996e-07	   1.2979163e-08	   1.9569826e-09	   1.8668489e-10	   7.7168314e-11	   5.0901393e-12	
   8.6000000e+02	   1.8779188e-07	   1.2968184e-08	   1.9526457e-09	   1.8590897e-10	   7.6795019e-11	   5.0519883e-12	
   8.6100000e+02	   1.8791036e-07	   1.2966049e-08	   1.9503309e-09	   1.8542021e-10	   7.6557474e-11	   5.0263417e-12	
   8.6200000e+02	   1.8806416e-07	   1.2969537e-08	   1.9493056e-09	   1.8511482e-10	   7.6406892e-11	   5.0087668e-12	
   8.6300000e+02	   1.8820820e-07	   1.2971839e-08	   1.9480199e-09	   1.8477332e-10	   7.6240260e-11	   4.9899191e-12	
   8.6400000e+02	   1.8831068e-07	   1.2968161e-08	   1.9453863e-09	   1.8424228e-10	   7.5985634e-11	   4.9633019e-12	
   8.6500000e+02	   1.8835711e-07	   1.2956331e-08	   1.9409178e-09	   1.8345399e-10	   7.5611373e-11	   4.9261093e-12	
   8.6600000e+02	   1.8834409e-07	   1.2935851e-08	   1.9345078e-09	   1.8239466e-10	   7.5111102e-11	   4.8778224e-12	
   8.6700000e+02	   1.8828975e-07	   1.2909432e-08	   1.9267722e-09	   1.8115131e-10	   7.4525475e-11	   4.8221013e-12	
   8.6800000e+02	   1.8823703e-07	   1.2883469e-08	   1.9191552e-09	   1.7992639e-10	   7.3948946e-11	   4.7673743e-12	
   8.6900000e+02	   1.8822484e-07	   1.2863751e-08	   1.9129624e-09	   1.7890262e-10	   7.3466702e-11	   4.7212237e-12	
   8.7000000e+02	   1.8825585e-07	   1.2850665e-08	   1.9082817e-09	   1.7809242e-10	   7.3084472e-11	   4.6841566e-12	
   8.7100000e+02	   1.8829623e-07	   1.2839171e-08	   1.9039818e-09	   1.7733848e-10	   7.2728914e-11	   4.6496776e-12	
   8.7200000e+02	   1.8830032e-07	   1.2822491e-08	   1.8985458e-09	   1.7643063e-10	   7.2302192e-11	   4.6091668e-12	
   8.7300000e+02	   1.8823782e-07	   1.2796151e-08	   1.8909773e-09	   1.7523185e-10	   7.1740683e-11	   4.5570695e-12	
   8.7400000e+02	   1.8810855e-07	   1.2760144e-08	   1.8812822e-09	   1.7374432e-10	   7.1045557e-11	   4.4935491e-12	
   8.7500000e+02	   1.8793859e-07	   1.2718332e-08	   1.8703280e-09	   1.7208884e-10	   7.0273020e-11	   4.4235711e-12	
   8.7600000e+02	   1.8776252e-07	   1.2675811e-08	   1.8592530e-09	   1.7042264e-10	   6.9496068e-11	   4.3535246e-12	
   8.7700000e+02	   1.8759796e-07	   1.2635190e-08	   1.8486437e-09	   1.6882750e-10	   6.8752737e-11	   4.2867653e-12	
   8.7800000e+02	   1.8741882e-07	   1.2592744e-08	   1.8376969e-09	   1.6719769e-10	   6.7994777e-11	   4.2193119e-12	
   8.7900000e+02	   1.8714231e-07	   1.2536617e-08	   1.8238418e-09	   1.6519222e-10	   6.7066179e-11	   4.1381725e-12	
   8.8000000e+02	   1.8665665e-07	   1.2450913e-08	   1.8036512e-09	   1.6236013e-10	   6.5761293e-11	   4.0263965e-12	
   8.8100000e+02	   1.8588980e-07	   1.2325667e-08	   1.7750310e-09	   1.5843575e-10	   6.3960727e-11	   3.8746052e-12	
   8.8200000e+02	   1.8484861e-07	   1.2162517e-08	   1.7384616e-09	   1.5350507e-10	   6.1707708e-11	   3.6874063e-12	
   8.8300000e+02	   1.8357677e-07	   1.1968637e-08	   1.6956662e-09	   1.4782597e-10	   5.9125241e-11	   3.4763164e-12	
   8.8400000e+02	   1.8209412e-07	   1.1747954e-08	   1.6476855e-09	   1.4156842e-10	   5.6296446e-11	   3.2495577e-12	
   8.8500000e+02	   1.8038863e-07	   1.1499974e-08	   1.5946168e-09	   1.3477816e-10	   5.3247565e-11	   3.0105226e-12	
   8.8600000e+02	   1.7844188e-07	   1.1223447e-08	   1.5364093e-09	   1.2748190e-10	   4.9995987e-11	   2.7617255e-12	
   8.8700000e+02	   1.7624346e-07	   1.0918428e-08	   1.4733118e-09	   1.1974622e-10	   4.6577011e-11	   2.5069829e-12	
   8.8800000e+02	   1.7378685e-07	   1.0585762e-08	   1.4057661e-09	   1.1166361e-10	   4.3037430e-11	   2.2508660e-12	
   8.8900000e+02	   1.7106230e-07	   1.0226090e-08	   1.3341923e-09	   1.0332373e-10	   3.9422310e-11	   1.9975973e-12	
   8.9000000e+02	   1.6806476e-07	   9.8406895e-09	   1.2591192e-09	   9.4822745e-11	   3.5778009e-11	   1.7510579e-12	
   8.9100000e+02	   1.6482026e-07	   9.4344910e-09	   1.1817175e-09	   8.6315818e-11	   3.2173491e-11	   1.5160133e-12	
   8.9200000e+02	   1.6140192e-07	   9.0177421e-09	   1.1040660e-09	   7.8040017e-11	   2.8709122e-11	   1.2985629e-12	
   8.9300000e+02	   1.5791076e-07	   8.6033498e-09	   1.0286092e-09	   7.0250773e-11	   2.5489375e-11	   1.1043582e-12	
   8.9400000e+02	   1.5443885e-07	   8.2023004e-09	   9.5729394e-10	   6.3129708e-11	   2.2584478e-11	   9.3630935e-13	
   8.9500000e+02	   1.5104444e-07	   7.8209055e-09	   8.9110544e-10	   5.6743897e-11	   2.0015013e-11	   7.9398131e-13	
   8.9600000e+02	   1.4775392e-07	   7.4612764e-09	   8.3020589e-10	   5.1069418e-11	   1.7763389e-11	   6.7465446e-13	
   8.9700000e+02	   1.4458901e-07	   7.1244849e-09	   7.7451535e-10	   4.6053910e-11	   1.5800286e-11	   5.7504527e-13	
   8.9800000e+02	   1.4159548e-07	   6.8136920e-09	   7.2425413e-10	   4.1670172e-11	   1.4106519e-11	   4.9257613e-13	
   8.9900000e+02	   1.3885029e-07	   6.5348351e-09	   6.8005321e-10	   3.7926365e-11	   1.2677103e-11	   4.2558298e-13	
   9.0000000e+02	   1.3644597e-07	   6.2950091e-09	   6.4269342e-10	   3.4843169e-11	   1.1512351e-11	   3.7284516e-13	
   9.0100000e+02	   1.3446263e-07	   6.0998532e-09	   6.1271825e-10	   3.2423498e-11	   1.0606585e-11	   3.3306337e-13	
   9.0200000e+02	   1.3294530e-07	   5.9516372e-09	   5.9017725e-10	   3.0635290e-11	   9.9421202e-12	   3.0462536e-13	
   9.0300000e+02	   1.3190125e-07	   5.8493116e-09	   5.7466977e-10	   2.9418342e-11	   9.4921876e-12	   2.8575902e-13	
   9.0400000e+02	   1.3131689e-07	   5.7903075e-09	   5.6563658e-10	   2.8708860e-11	   9.2301635e-12	   2.7492151e-13	
   9.0500000e+02	   1.3118405e-07	   5.7730508e-09	   5.6273519e-10	   2.8468122e-11	   9.1399709e-12	   2.7119931e-13	
   9.0600000e+02	   1.3151550e-07	   5.7984083e-09	   5.6604982e-10	   2.8697750e-11	   9.2214949e-12	   2.7449772e-13	
   9.0700000e+02	   1.3233714e-07	   5.8690034e-09	   5.7599392e-10	   2.9432405e-11	   9.4879073e-12	   2.8542547e-13	
   9.0800000e+02	   1.3367031e-07	   5.9876261e-09	   5.9308508e-10	   3.0723632e-11	   9.9599283e-12	   3.0508353e-13	
   9.0900000e+02	   1.3552083e-07	   6.1562309e-09	   6.1780279e-10	   3.2630100e-11	   1.0662489e-11	   3.3496989e-13	
   9.1000000e+02	   1.3787550e-07	   6.3755384e-09	   6.5052687e-10	   3.5213434e-11	   1.1623414e-11	   3.7697386e-13	
   9.1100000e+02	   1.4070184e-07	   6.6448533e-09	   6.9149730e-10	   3.8534810e-11	   1.2872295e-11	   4.3337849e-13	
   9.1200000e+02	   1.4395161e-07	   6.9621939e-09	   7.4081448e-10	   4.2654168e-11	   1.4440282e-11	   5.0690612e-13	
   9.1300000e+02	   1.4756929e-07	   7.3248966e-09	   7.9850925e-10	   4.7634597e-11	   1.6361760e-11	   6.0084953e-13	
   9.1400000e+02	   1.5150017e-07	   7.7302188e-09	   8.6461319e-10	   5.3546557e-11	   1.8675917e-11	   7.1920019e-13	
   9.1500000e+02	   1.5569282e-07	   8.1754260e-09	   9.3915100e-10	   6.0465409e-11	   2.1425705e-11	   8.6664648e-13	
   9.1600000e+02	   1.6009696e-07	   8.6574629e-09	   1.0220679e-09	   6.8462961e-11	   2.4654373e-11	   1.0484387e-12	
   9.1700000e+02	   1.6466309e-07	   9.1728887e-09	   1.1132111e-09	   7.7605043e-11	   2.8404558e-11	   1.2704257e-12	
   9.1800000e+02	   1.6935137e-07	   9.7190067e-09	   1.2125443e-09	   8.7975345e-11	   3.2728601e-11	   1.5398567e-12	
   9.1900000e+02	   1.7414502e-07	   1.0295585e-08	   1.3204749e-09	   9.9711243e-11	   3.7703818e-11	   1.8664697e-12	
   9.2000000e+02	   1.7904030e-07	   1.0903488e-08	   1.4375607e-09	   1.1296500e-10	   4.3414847e-11	   2.2611264e-12	
   9.2100000e+02	   1.8400209e-07	   1.1538777e-08	   1.5633021e-09	   1.2775451e-10	   4.9887128e-11	   2.7307366e-12	
   9.2200000e+02	   1.8893517e-07	   1.2188744e-08	   1.6952945e-09	   1.4385058e-10	   5.7035024e-11	   3.2738462e-12	
   9.2300000e+02	   1.9371436e-07	   1.2835604e-08	   1.8298955e-09	   1.6083941e-10	   6.4685504e-11	   3.8813242e-12	
   9.2400000e+02	   1.9823798e-07	   1.3463526e-08	   1.9636145e-09	   1.7827940e-10	   7.2644676e-11	   4.5404574e-12	
   9.2500000e+02	   2.0245262e-07	   1.4062372e-08	   2.0939359e-09	   1.9580812e-10	   8.0745607e-11	   5.2384253e-12	
   9.2600000e+02	   2.0634153e-07	   1.4626619e-08	   2.2191761e-09	   2.1313516e-10	   8.8846423e-11	   5.9621987e-12	
   9.2700000e+02	   2.0989732e-07	   1.5151869e-08	   2.3378047e-09	   2.2996380e-10	   9.6796088e-11	   6.6959133e-12	
   9.2800000e+02	   2.1311471e-07	   1.5634278e-08	   2.4484178e-09	   2.4600696e-10	   1.0444543e-10	   7.4227833e-12	
   9.2900000e+02	   2.1601251e-07	   1.6074274e-08	   2.5506697e-09	   2.6113781e-10	   1.1172161e-10	   8.1329410e-12	
   9.3000000e+02	   2.1863246e-07	   1.6476252e-08	   2.6451867e-09	   2.7537446e-10	   1.1862029e-10	   8.8225095e-12	
   9.3100000e+02	   2.2098652e-07	   1.6839895e-08	   2.7314531e-09	   2.8855185e-10	   1.2504572e-10	   9.4772524e-12	
   9.3200000e+02	   2.2303086e-07	   1.7156015e-08	   2.8068303e-09	   3.0017693e-10	   1.3074168e-10	   1.0066061e-11	
   9.3300000e+02	   2.2472723e-07	   1.7416798e-08	   2.8690989e-09	   3.0983680e-10	   1.3549351e-10	   1.0562708e-11	
   9.3400000e+02	   2.2610741e-07	   1.7626474e-08	   2.9190797e-09	   3.1761459e-10	   1.3933301e-10	   1.0967607e-11	
   9.3500000e+02	   2.2725281e-07	   1.7797851e-08	   2.9597746e-09	   3.2395264e-10	   1.4247122e-10	   1.1300803e-11	
   9.3600000e+02	   2.2823956e-07	   1.7943159e-08	   2.9941052e-09	   3.2929377e-10	   1.4512197e-10	   1.1583464e-11	
   9.3700000e+02	   2.2912174e-07	   1.8071226e-08	   3.0242092e-09	   3.3396859e-10	   1.4744623e-10	   1.1831985e-11	
   9.3800000e+02	   2.2993762e-07	   1.8188393e-08	   3.0516433e-09	   3.3822262e-10	   1.4956452e-10	   1.2058976e-11	
   9.3900000e+02	   2.3070454e-07	   1.8297501e-08	   3.0770970e-09	   3.4216264e-10	   1.5152880e-10	   1.2269716e-11	
   9.4000000e+02	   2.3141779e-07	   1.8397645e-08	   3.1003185e-09	   3.4574186e-10	   1.5331458e-10	   1.2461108e-11	
   9.4100000e+02	   2.3207284e-07	   1.8487990e-08	   3.1210833e-09	   3.4892019e-10	   1.5490111e-10	   1.2630624e-11	
   9.4200000e+02	   2.3268305e-07	   1.8570824e-08	   3.1399680e-09	   3.5179188e-10	   1.5633537e-10	   1.2783418e-11	
   9.4300000e+02	   2.3326648e-07	   1.8649245e-08	   3.1577562e-09	   3.5448590e-10	   1.5768173e-10	   1.2926610e-11	
   9.4400000e+02	   2.3382747e-07	   1.8723982e-08	   3.1746271e-09	   3.5703038e-10	   1.5895393e-10	   1.3061619e-11	
   9.4500000e+02	   2.3436302e-07	   1.8794496e-08	   3.1904385e-09	   3.5940047e-10	   1.6013922e-10	   1.3186921e-11	
   9.4600000e+02	   2.3487828e-07	   1.8861691e-08	   3.2054212e-09	   3.6163462e-10	   1.6125689e-10	   1.3304685e-11	
   9.4700000e+02	   2.3538676e-07	   1.8927925e-08	   3.2201813e-09	   3.6383469e-10	   1.6235826e-10	   1.3420746e-11	
   9.4800000e+02	   2.3589724e-07	   1.8994736e-08	   3.2351128e-09	   3.6606672e-10	   1.6347655e-10	   1.3538871e-11	
   9.4900000e+02	   2.3640289e-07	   1.9060921e-08	   3.2499037e-09	   3.6827737e-10	   1.6458466e-10	   1.3655905e-11	
   9.5000000e+02	   2.3688570e-07	   1.9123313e-08	   3.2637341e-09	   3.7032731e-10	   1.6561197e-10	   1.3763695e-11	
   9.5100000e+02	   2.3733681e-07	   1.9180356e-08	   3.2762017e-09	   3.7214821e-10	   1.6652388e-10	   1.3858244e-11	
   9.5200000e+02	   2.3777056e-07	   1.9234572e-08	   3.2879592e-09	   3.7385100e-10	   1.6737664e-10	   1.3946033e-11	
   9.5300000e+02	   2.3821471e-07	   1.9290844e-08	   3.3002718e-09	   3.7565101e-10	   1.6827959e-10	   1.4039691e-11	
   9.5400000e+02	   2.3869269e-07	   1.9353289e-08	   3.3142087e-09	   3.7773109e-10	   1.6932588e-10	   1.4150017e-11	
   9.5500000e+02	   2.3921702e-07	   1.9424118e-08	   3.3303484e-09	   3.8019126e-10	   1.7056687e-10	   1.4283041e-11	
   9.5600000e+02	   2.3979011e-07	   1.9503762e-08	   3.3488098e-09	   3.8305360e-10	   1.7201439e-10	   1.4440249e-11	
   9.5700000e+02	   2.4040376e-07	   1.9590784e-08	   3.3692252e-09	   3.8625690e-10	   1.7363783e-10	   1.4618196e-11	
   9.5800000e+02	   2.4104188e-07	   1.9682354e-08	   3.3908640e-09	   3.8967748e-10	   1.7537466e-10	   1.4809708e-11	
   9.5900000e+02	   2.4169092e-07	   1.9776088e-08	   3.4131106e-09	   3.9321106e-10	   1.7717207e-10	   1.5008737e-11	
   9.6000000e+02	   2.4234705e-07	   1.9871330e-08	   3.4357975e-09	   3.9682988e-10	   1.7901609e-10	   1.5213740e-11	
   9.6100000e+02	   2.4301014e-07	   1.9968068e-08	   3.4589229e-09	   4.0053382e-10	   1.8090665e-10	   1.5424749e-11	
   9.6200000e+02	   2.4367249e-07	   2.0064915e-08	   3.4821208e-09	   4.0425906e-10	   1.8281096e-10	   1.5637867e-11	
   9.6300000e+02	   2.4431496e-07	   2.0158424e-08	   3.5044810e-09	   4.0784655e-10	   1.8464735e-10	   1.5843347e-11	
   9.6400000e+02	   2.4491458e-07	   2.0244441e-08	   3.5249044e-09	   4.1110365e-10	   1.8631679e-10	   1.6029311e-11	
   9.6500000e+02	   2.4545855e-07	   2.0320636e-08	   3.5427702e-09	   4.1392056e-10	   1.8776256e-10	   1.6188885e-11	
   9.6600000e+02	   2.4595050e-07	   2.0387634e-08	   3.5582362e-09	   4.1632305e-10	   1.8899739e-10	   1.6323474e-11	
   9.6700000e+02	   2.4640088e-07	   2.0447293e-08	   3.5717862e-09	   4.1839391e-10	   1.9006323e-10	   1.6437977e-11	
   9.6800000e+02	   2.4681571e-07	   2.0500678e-08	   3.5836952e-09	   4.2017981e-10	   1.9098360e-10	   1.6535112e-11	
   9.6900000e+02	   2.4719670e-07	   2.0548081e-08	   3.5940367e-09	   4.2169262e-10	   1.9176425e-10	   1.6615511e-11	
   9.7000000e+02	   2.4754390e-07	   2.0589504e-08	   3.6028088e-09	   4.2293137e-10	   1.9240440e-10	   1.6679047e-11	
   9.7100000e+02	   2.4785193e-07	   2.0623965e-08	   3.6097496e-09	   4.2384963e-10	   1.9287995e-10	   1.6722797e-11	
   9.7200000e+02	   2.4811071e-07	   2.0649633e-08	   3.6143726e-09	   4.2436175e-10	   1.9314660e-10	   1.6741430e-11	
   9.7300000e+02	   2.4831872e-07	   2.0666232e-08	   3.6166049e-09	   4.2445485e-10	   1.9319761e-10	   1.6734141e-11	
   9.7400000e+02	   2.4848992e-07	   2.0676302e-08	   3.6171197e-09	   4.2424732e-10	   1.9309378e-10	   1.6708280e-11	
   9.7500000e+02	   2.4863800e-07	   2.0682336e-08	   3.6165802e-09	   4.2385615e-10	   1.9289531e-10	   1.6671155e-11	
   9.7600000e+02	   2.4875597e-07	   2.0683093e-08	   3.6146634e-09	   4.2322610e-10	   1.9257386e-10	   1.6619484e-11	
   9.7700000e+02	   2.4881440e-07	   2.0673282e-08	   3.6099789e-09	   4.2211597e-10	   1.9200570e-10	   1.6538624e-11	
   9.7800000e+02	   2.4877636e-07	   2.0646286e-08	   3.6007932e-09	   4.2022636e-10	   1.9103744e-10	   1.6410515e-11	
   9.7900000e+02	   2.4861620e-07	   2.0597568e-08	   3.5859309e-09	   4.1735753e-10	   1.8956733e-10	   1.6223448e-11	
   9.8000000e+02	   2.4832913e-07	   2.0526393e-08	   3.5652293e-09	   4.1348876e-10	   1.8758600e-10	   1.5976907e-11	
   9.8100000e+02	   2.4792636e-07	   2.0434947e-08	   3.5393012e-09	   4.0873568e-10	   1.8515434e-10	   1.5678838e-11	
   9.8200000e+02	   2.4742639e-07	   2.0326719e-08	   3.5091008e-09	   4.0327285e-10	   1.8236339e-10	   1.5340718e-11	
   9.8300000e+02	   2.4685083e-07	   2.0205733e-08	   3.4757157e-09	   3.9729612e-10	   1.7931482e-10	   1.4975118e-11	
   9.8400000e+02	   2.4621842e-07	   2.0075489e-08	   3.4400930e-09	   3.9097600e-10	   1.7609708e-10	   1.4592945e-11	
   9.8500000e+02	   2.4553219e-07	   1.9936713e-08	   3.4024624e-09	   3.8436125e-10	   1.7273672e-10	   1.4197946e-11	
   9.8600000e+02	   2.4477304e-07	   1.9786264e-08	   3.3620612e-09	   3.7733393e-10	   1.6917578e-10	   1.3784237e-11	
   9.8700000e+02	   2.4391327e-07	   1.9619526e-08	   3.3177558e-09	   3.6971526e-10	   1.6532570e-10	   1.3342535e-11	
   9.8800000e+02	   2.4294117e-07	   1.9434696e-08	   3.2691345e-09	   3.6144752e-10	   1.6115924e-10	   1.2870475e-11	
   9.8900000e+02	   2.4187807e-07	   1.9235661e-08	   3.2172250e-09	   3.5270926e-10	   1.5676784e-10	   1.2378749e-11	
   9.9000000e+02	   2.4077227e-07	   1.9030893e-08	   3.1641971e-09	   3.4386244e-10	   1.5233432e-10	   1.1887801e-11	
   9.9100000e+02	   2.3966953e-07	   1.8828329e-08	   3.1120654e-09	   3.3523860e-10	   1.4802528e-10	   1.1415925e-11	
   9.9200000e+02	   2.3858929e-07	   1.8631318e-08	   3.0616694e-09	   3.2697307e-10	   1.4390813e-10	   1.0970243e-11	
   9.9300000e+02	   2.3752923e-07	   1.8439451e-08	   3.0128957e-09	   3.1904349e-10	   1.3997082e-10	   1.0549028e-11	
   9.9400000e+02	   2.3647448e-07	   1.8250585e-08	   2.9652301e-09	   3.1136672e-10	   1.3617147e-10	   1.0147483e-11	
   9.9500000e+02	   2.3535830e-07	   1.8058020e-08	   2.9173452e-09	   3.0376510e-10	   1.3242558e-10	   9.7574038e-12	
   9.9600000e+02	   2.3379813e-07	   1.7831226e-08	   2.8641326e-09	   2.9567871e-10	   1.2848396e-10	   9.3590153e-12	
   9.9700000e+02	   2.3004060e-07	   1.7439818e-08	   2.7851504e-09	   2.8507001e-10	   1.2347253e-10	   8.8912928e-12	
   9.9800000e+02	   2.1884654e-07	   1.6499236e-08	   2.6208741e-09	   2.6612502e-10	   1.1491795e-10	   8.1870069e-12	
   9.9900000e+02	   1.9152451e-07	   1.4373523e-08	   2.2731610e-09	   2.2930129e-10	   9.8767907e-11	   6.9739795e-12	
   1.0000000e+03	   1.4393028e-07	   1.0765583e-08	   1.6970703e-09	   1.7036102e-10	   7.3244240e-11	   5.1377834e-12	
