   6.5000000e+02	   3.8192803e-08	   1.2614507e-09	   9.9991128e-11	   3.8254088e-12	   1.0925474e-12	   2.2184465e-14	
   6.5100000e+02	   5.0880496e-08	   1.6853138e-09	   1.3392177e-10	   5.1397399e-12	   1.4731297e-12	   3.0056139e-14	
   6.5200000e+02	   5.8200214e-08	   1.9341356e-09	   1.5412950e-10	   5.9362647e-12	   1.7086116e-12	   3.5052525e-14	
   6.5300000e+02	   6.1217789e-08	   2.0410546e-09	   1.6309508e-10	   6.3027435e-12	   1.8218798e-12	   3.7580897e-14	
   6.5400000e+02	   6.2234670e-08	   2.0810173e-09	   1.6668566e-10	   6.4605260e-12	   1.8744427e-12	   3.8863657e-14	
   6.5500000e+02	   6.2669268e-08	   2.1015179e-09	   1.6871530e-10	   6.5589544e-12	   1.9085881e-12	   3.9786894e-14	
   6.5600000e+02	   6.3020603e-08	   2.1204036e-09	   1.7069968e-10	   6.6620624e-12	   1.9430686e-12	   4.0782155e-14	
   6.5700000e+02	   6.3401335e-08	   2.1420882e-09	   1.7304024e-10	   6.7882398e-12	   1.9835486e-12	   4.1991088e-14	
   6.5800000e+02	   6.3813092e-08	   2.1661936e-09	   1.7567649e-10	   6.9333495e-12	   2.0288490e-12	   4.3375373e-14	
   6.5900000e+02	   6.4237791e-08	   2.1913692e-09	   1.7844850e-10	   7.0880308e-12	   2.0762282e-12	   4.4851677e-14	
   6.6000000e+02	   6.4663355e-08	   2.2167267e-09	   1.8125237e-10	   7.2459766e-12	   2.1239828e-12	   4.6362235e-14	
   6.6100000e+02	   6.5070041e-08	   2.2407721e-09	   1.8390637e-10	   7.3958612e-12	   2.1687575e-12	   4.7793126e-14	
   6.6200000e+02	   6.5423033e-08	   2.2608728e-09	   1.8608751e-10	   7.5177847e-12	   2.2043714e-12	   4.8942403e-14	
   6.6300000e+02	   6.5703116e-08	   2.2755674e-09	   1.8761723e-10	   7.6005345e-12	   2.2274871e-12	   4.9695393e-14	
   6.6400000e+02	   6.5932653e-08	   2.2865151e-09	   1.8870133e-10	   7.6559892e-12	   2.2423295e-12	   5.0169120e-14	
   6.6500000e+02	   6.6154440e-08	   2.2969147e-09	   1.8973550e-10	   7.7074947e-12	   2.2568377e-12	   5.0595272e-14	
   6.6600000e+02	   6.6397719e-08	   2.3089654e-09	   1.9099272e-10	   7.7712039e-12	   2.2765005e-12	   5.1133482e-14	
   6.6700000e+02	   6.6674322e-08	   2.3235753e-09	   1.9258719e-10	   7.8539785e-12	   2.3036435e-12	   5.1851715e-14	
   6.6800000e+02	   6.6989897e-08	   2.3411912e-09	   1.9457570e-10	   7.9594567e-12	   2.3394221e-12	   5.2788089e-14	
   6.6900000e+02	   6.7343312e-08	   2.3617386e-09	   1.9694920e-10	   8.0874234e-12	   2.3836386e-12	   5.3943819e-14	
   6.7000000e+02	   6.7720808e-08	   2.3841726e-09	   1.9957659e-10	   8.2302964e-12	   2.4336163e-12	   5.5246251e-14	
   6.7100000e+02	   6.8099993e-08	   2.4067757e-09	   2.0224134e-10	   8.3752488e-12	   2.4849102e-12	   5.6568777e-14	
   6.7200000e+02	   6.8459748e-08	   2.4279091e-09	   2.0473480e-10	   8.5098129e-12	   2.5331582e-12	   5.7786850e-14	
   6.7300000e+02	   6.8787517e-08	   2.4465740e-09	   2.0692706e-10	   8.6262458e-12	   2.5755417e-12	   5.8823412e-14	
   6.7400000e+02	   6.9085011e-08	   2.4628647e-09	   2.0882578e-10	   8.7252584e-12	   2.6120637e-12	   5.9689923e-14	
   6.7500000e+02	   6.9372604e-08	   2.4783213e-09	   2.1062260e-10	   8.8190033e-12	   2.6465915e-12	   6.0520086e-14	
   6.7600000e+02	   6.9682551e-08	   2.4954121e-09	   2.1262900e-10	   8.9271462e-12	   2.6855666e-12	   6.1529095e-14	
   6.7700000e+02	   7.0037488e-08	   2.5158716e-09	   2.1506606e-10	   9.0637927e-12	   2.7336231e-12	   6.2874084e-14	
   6.7800000e+02	   7.0435846e-08	   2.5395726e-09	   2.1792085e-10	   9.2284928e-12	   2.7905688e-12	   6.4557135e-14	
   6.7900000e+02	   7.0861642e-08	   2.5652856e-09	   2.2104121e-10	   9.4120257e-12	   2.8533335e-12	   6.6485472e-14	
   6.8000000e+02	   7.1301016e-08	   2.5919588e-09	   2.2429601e-10	   9.6062543e-12	   2.9192693e-12	   6.8574899e-14	
   6.8100000e+02	   7.1744014e-08	   2.6188433e-09	   2.2758943e-10	   9.8049381e-12	   2.9863866e-12	   7.0756539e-14	
   6.8200000e+02	   7.2176573e-08	   2.6448559e-09	   2.3077890e-10	   9.9985692e-12	   3.0515710e-12	   7.2919643e-14	
   6.8300000e+02	   7.2578692e-08	   2.6684331e-09	   2.3365729e-10	   1.0173325e-11	   3.1102193e-12	   7.4901069e-14	
   6.8400000e+02	   7.2938282e-08	   2.6886414e-09	   2.3609913e-10	   1.0320616e-11	   3.1595208e-12	   7.6596893e-14	
   6.8500000e+02	   7.3272727e-08	   2.7069115e-09	   2.3828915e-10	   1.0452009e-11	   3.2035982e-12	   7.8137446e-14	
   6.8600000e+02	   7.3624543e-08	   2.7266916e-09	   2.4067715e-10	   1.0596332e-11	   3.2525159e-12	   7.9854487e-14	
   6.8700000e+02	   7.4018435e-08	   2.7499956e-09	   2.4352447e-10	   1.0770155e-11	   3.3121166e-12	   8.1937094e-14	
   6.8800000e+02	   7.4435631e-08	   2.7753406e-09	   2.4663359e-10	   1.0960254e-11	   3.3779957e-12	   8.4229233e-14	
   6.8900000e+02	   7.4847924e-08	   2.8004895e-09	   2.4971012e-10	   1.1147345e-11	   3.4436932e-12	   8.6511228e-14	
   6.9000000e+02	   7.5257288e-08	   2.8256333e-09	   2.5278137e-10	   1.1333397e-11	   3.5100810e-12	   8.8819100e-14	
   6.9100000e+02	   7.5683213e-08	   2.8523548e-09	   2.5605813e-10	   1.1532419e-11	   3.5821023e-12	   9.1328724e-14	
   6.9200000e+02	   7.6128420e-08	   2.8808512e-09	   2.5956640e-10	   1.1746189e-11	   3.6603187e-12	   9.4061856e-14	
   6.9300000e+02	   7.6571565e-08	   2.9093432e-09	   2.6306842e-10	   1.1958955e-11	   3.7390690e-12	   9.6820417e-14	
   6.9400000e+02	   7.6983826e-08	   2.9354270e-09	   2.6624198e-10	   1.2149247e-11	   3.8105945e-12	   9.9329115e-14	
   6.9500000e+02	   7.7345821e-08	   2.9574670e-09	   2.6886695e-10	   1.2302345e-11	   3.8694344e-12	   1.0139130e-13	
   6.9600000e+02	   7.7652160e-08	   2.9749808e-09	   2.7087808e-10	   1.2413915e-11	   3.9137441e-12	   1.0293799e-13	
   6.9700000e+02	   7.7905467e-08	   2.9881531e-09	   2.7230048e-10	   1.2485751e-11	   3.9438348e-12	   1.0397773e-13	
   6.9800000e+02	   7.8116552e-08	   2.9978614e-09	   2.7325417e-10	   1.2526164e-11	   3.9623630e-12	   1.0460582e-13	
   6.9900000e+02	   7.8316560e-08	   3.0066953e-09	   2.7409292e-10	   1.2559434e-11	   3.9777087e-12	   1.0512830e-13	
   7.0000000e+02	   7.8554273e-08	   3.0187321e-09	   2.7537344e-10	   1.2623700e-11	   4.0032229e-12	   1.0603463e-13	
   7.0100000e+02	   7.8861114e-08	   3.0366099e-09	   2.7745708e-10	   1.2743854e-11	   4.0475798e-12	   1.0764618e-13	
   7.0200000e+02	   7.9220638e-08	   3.0589697e-09	   2.8016080e-10	   1.2907719e-11	   4.1062993e-12	   1.0980532e-13	
   7.0300000e+02	   7.9582501e-08	   3.0816097e-09	   2.8291271e-10	   1.3076469e-11	   4.1654648e-12	   1.1200748e-13	
   7.0400000e+02	   7.9907779e-08	   3.1012774e-09	   2.8526878e-10	   1.3219822e-11	   4.2142843e-12	   1.1385948e-13	
   7.0500000e+02	   8.0206628e-08	   3.1188452e-09	   2.8734881e-10	   1.3346027e-11	   4.2558168e-12	   1.1547657e-13	
   7.0600000e+02	   8.0529680e-08	   3.1385899e-09	   2.8973923e-10	   1.3495305e-11	   4.3046260e-12	   1.1739722e-13	
   7.0700000e+02	   8.0908682e-08	   3.1631734e-09	   2.9280365e-10	   1.3692386e-11	   4.3697718e-12	   1.1995060e-13	
   7.0800000e+02	   8.1314782e-08	   3.1901114e-09	   2.9619699e-10	   1.3913008e-11	   4.4427855e-12	   1.2280871e-13	
   7.0900000e+02	   8.1689395e-08	   3.2143930e-09	   2.9922588e-10	   1.4108799e-11	   4.5065647e-12	   1.2531946e-13	
   7.1000000e+02	   8.2001695e-08	   3.2333656e-09	   3.0152205e-10	   1.4253884e-11	   4.5520611e-12	   1.2713288e-13	
   7.1100000e+02	   8.2270148e-08	   3.2485819e-09	   3.0329938e-10	   1.4362903e-11	   4.5847458e-12	   1.2844849e-13	
   7.1200000e+02	   8.2547469e-08	   3.2645423e-09	   3.0518324e-10	   1.4479437e-11	   4.6204771e-12	   1.2986513e-13	
   7.1300000e+02	   8.2891023e-08	   3.2861734e-09	   3.0786189e-10	   1.4651804e-11	   4.6768273e-12	   1.3205381e-13	
   7.1400000e+02	   8.3330978e-08	   3.3160781e-09	   3.1170190e-10	   1.4905905e-11	   4.7633084e-12	   1.3537983e-13	
   7.1500000e+02	   8.3847741e-08	   3.3525595e-09	   3.1646781e-10	   1.5225089e-11	   4.8740819e-12	   1.3961442e-13	
   7.1600000e+02	   8.4380362e-08	   3.3903274e-09	   3.2141828e-10	   1.5556710e-11	   4.9902716e-12	   1.4401994e-13	
   7.1700000e+02	   8.4871678e-08	   3.4244139e-09	   3.2585551e-10	   1.5851123e-11	   5.0939885e-12	   1.4789655e-13	
   7.1800000e+02	   8.5305478e-08	   3.4534079e-09	   3.2958040e-10	   1.6094129e-11	   5.1800313e-12	   1.5104067e-13	
   7.1900000e+02	   8.5696650e-08	   3.4786049e-09	   3.3277338e-10	   1.6298557e-11	   5.2528826e-12	   1.5362889e-13	
   7.2000000e+02	   8.6058960e-08	   3.5012034e-09	   3.3559980e-10	   1.6476157e-11	   5.3166044e-12	   1.5582240e-13	
   7.2100000e+02	   8.6389424e-08	   3.5209399e-09	   3.3801740e-10	   1.6623816e-11	   5.3698763e-12	   1.5757131e-13	
   7.2200000e+02	   8.6676538e-08	   3.5368103e-09	   3.3987932e-10	   1.6730977e-11	   5.4086905e-12	   1.5872103e-13	
   7.2300000e+02	   8.6917755e-08	   3.5486120e-09	   3.4115467e-10	   1.6795618e-11	   5.4321676e-12	   1.5924412e-13	
   7.2400000e+02	   8.7120628e-08	   3.5570454e-09	   3.4194312e-10	   1.6825324e-11	   5.4429443e-12	   1.5925625e-13	
   7.2500000e+02	   8.7282615e-08	   3.5619211e-09	   3.4221755e-10	   1.6818535e-11	   5.4403355e-12	   1.5874179e-13	
   7.2600000e+02	   8.7391374e-08	   3.5621768e-09	   3.4182528e-10	   1.6764489e-11	   5.4203051e-12	   1.5754902e-13	
   7.2700000e+02	   8.7464152e-08	   3.5593555e-09	   3.4098544e-10	   1.6679201e-11	   5.3885847e-12	   1.5591059e-13	
   7.2800000e+02	   8.7556085e-08	   3.5583463e-09	   3.4039596e-10	   1.6613360e-11	   5.3635576e-12	   1.5456109e-13	
   7.2900000e+02	   8.7693580e-08	   3.5615067e-09	   3.4039427e-10	   1.6591767e-11	   5.3541946e-12	   1.5386511e-13	
   7.3000000e+02	   8.7830286e-08	   3.5647711e-09	   3.4040083e-10	   1.6573048e-11	   5.3453801e-12	   1.5323424e-13	
   7.3100000e+02	   8.7904970e-08	   3.5627544e-09	   3.3964836e-10	   1.6502201e-11	   5.3170829e-12	   1.5188281e-13	
   7.3200000e+02	   8.7902581e-08	   3.5541583e-09	   3.3795681e-10	   1.6366695e-11	   5.2648541e-12	   1.4964144e-13	
   7.3300000e+02	   8.7823457e-08	   3.5390831e-09	   3.3535281e-10	   1.6169300e-11	   5.1899716e-12	   1.4657384e-13	
   7.3400000e+02	   8.7646168e-08	   3.5157231e-09	   3.3159347e-10	   1.5893372e-11	   5.0867076e-12	   1.4246809e-13	
   7.3500000e+02	   8.7371076e-08	   3.4841158e-09	   3.2668885e-10	   1.5539462e-11	   4.9554488e-12	   1.3733487e-13	
   7.3600000e+02	   8.7057185e-08	   3.4493740e-09	   3.2136063e-10	   1.5158230e-11	   4.8146251e-12	   1.3187484e-13	
   7.3700000e+02	   8.6763461e-08	   3.4166479e-09	   3.1634066e-10	   1.4801528e-11	   4.6831541e-12	   1.2681607e-13	
   7.3800000e+02	   8.6483497e-08	   3.3854684e-09	   3.1157712e-10	   1.4466431e-11	   4.5602551e-12	   1.2214051e-13	
   7.3900000e+02	   8.6176923e-08	   3.3523994e-09	   3.0659811e-10	   1.4120096e-11	   4.4342892e-12	   1.1740953e-13	
   7.4000000e+02	   8.5845706e-08	   3.3175303e-09	   3.0140827e-10	   1.3761733e-11	   4.3048972e-12	   1.1259075e-13	
   7.4100000e+02	   8.5566932e-08	   3.2872185e-09	   2.9686150e-10	   1.3447850e-11	   4.1919472e-12	   1.0838357e-13	
   7.4200000e+02	   8.5473860e-08	   3.2724901e-09	   2.9444131e-10	   1.3277252e-11	   4.1302065e-12	   1.0602195e-13	
   7.4300000e+02	   8.5711284e-08	   3.2854342e-09	   2.9578589e-10	   1.3360380e-11	   4.1587328e-12	   1.0691284e-13	
   7.4400000e+02	   8.6385690e-08	   3.3352395e-09	   3.0217564e-10	   1.3787141e-11	   4.3098999e-12	   1.1228105e-13	
   7.4500000e+02	   8.7522790e-08	   3.4247311e-09	   3.1407550e-10	   1.4597190e-11	   4.5991157e-12	   1.2282220e-13	
   7.4600000e+02	   8.9043873e-08	   3.5481522e-09	   3.3080610e-10	   1.5754976e-11	   5.0155976e-12	   1.3832676e-13	
   7.4700000e+02	   9.0774844e-08	   3.6913451e-09	   3.5049837e-10	   1.7139675e-11	   5.5177227e-12	   1.5739235e-13	
   7.4800000e+02	   9.2494373e-08	   3.8353610e-09	   3.7053014e-10	   1.8569239e-11	   6.0406028e-12	   1.7759691e-13	
   7.4900000e+02	   9.4013343e-08	   3.9632988e-09	   3.8847459e-10	   1.9866291e-11	   6.5195462e-12	   1.9636755e-13	
   7.5000000e+02	   9.5242897e-08	   4.0666320e-09	   4.0303632e-10	   2.0929161e-11	   6.9163198e-12	   2.1206335e-13	
   7.5100000e+02	   9.6207878e-08	   4.1469451e-09	   4.1436682e-10	   2.1761654e-11	   7.2310622e-12	   2.2456745e-13	
   7.5200000e+02	   9.7003387e-08	   4.2124182e-09	   4.2360535e-10	   2.2444112e-11	   7.4924730e-12	   2.3498004e-13	
   7.5300000e+02	   9.7722196e-08	   4.2712634e-09	   4.3192533e-10	   2.3062373e-11	   7.7316953e-12	   2.4455207e-13	
   7.5400000e+02	   9.8411926e-08	   4.3277040e-09	   4.3993184e-10	   2.3661053e-11	   7.9648678e-12	   2.5394057e-13	
   7.5500000e+02	   9.9090601e-08	   4.3833516e-09	   4.4785877e-10	   2.4257989e-11	   8.1984382e-12	   2.6342322e-13	
   7.5600000e+02	   9.9761130e-08	   4.4384136e-09	   4.5573038e-10	   2.4854749e-11	   8.4327171e-12	   2.7301368e-13	
   7.5700000e+02	   1.0038493e-07	   4.4890372e-09	   4.6293819e-10	   2.5400989e-11	   8.6479543e-12	   2.8181246e-13	
   7.5800000e+02	   1.0088942e-07	   4.5280505e-09	   4.6835793e-10	   2.5804213e-11	   8.8081652e-12	   2.8818343e-13	
   7.5900000e+02	   1.0125619e-07	   4.5535880e-09	   4.7169253e-10	   2.6039707e-11	   8.9035661e-12	   2.9168015e-13	
   7.6000000e+02	   1.0156710e-07	   4.5735773e-09	   4.7416895e-10	   2.6207394e-11	   8.9724852e-12	   2.9403823e-13	
   7.6100000e+02	   1.0191254e-07	   4.5967752e-09	   4.7714380e-10	   2.6417750e-11	   9.0573693e-12	   2.9718123e-13	
   7.6200000e+02	   1.0229777e-07	   4.6236357e-09	   4.8068445e-10	   2.6675921e-11	   9.1601333e-12	   3.0119770e-13	
   7.6300000e+02	   1.0268472e-07	   4.6504233e-09	   4.8421052e-10	   2.6934426e-11	   9.2625403e-12	   3.0526545e-13	
   7.6400000e+02	   1.0307704e-07	   4.6775376e-09	   4.8778981e-10	   2.7199299e-11	   9.3671479e-12	   3.0950818e-13	
   7.6500000e+02	   1.0351958e-07	   4.7094558e-09	   4.9212755e-10	   2.7529074e-11	   9.4968371e-12	   3.1497372e-13	
   7.6600000e+02	   1.0404002e-07	   4.7489706e-09	   4.9766463e-10	   2.7960403e-11	   9.6659572e-12	   3.2231770e-13	
   7.6700000e+02	   1.0461352e-07	   4.7936790e-09	   5.0402471e-10	   2.8462039e-11	   9.8624002e-12	   3.3097651e-13	
   7.6800000e+02	   1.0518023e-07	   4.8376952e-09	   5.1028152e-10	   2.8956772e-11	   1.0056108e-11	   3.3955410e-13	
   7.6900000e+02	   1.0569554e-07	   4.8766410e-09	   5.1574568e-10	   2.9387053e-11	   1.0224668e-11	   3.4700612e-13	
   7.7000000e+02	   1.0614916e-07	   4.9095326e-09	   5.2026129e-10	   2.9739576e-11	   1.0362880e-11	   3.5307903e-13	
   7.7100000e+02	   1.0652626e-07	   4.9348838e-09	   5.2358707e-10	   2.9993100e-11	   1.0462306e-11	   3.5735113e-13	
   7.7200000e+02	   1.0679381e-07	   4.9493726e-09	   5.2518851e-10	   3.0101443e-11	   1.0504699e-11	   3.5893577e-13	
   7.7300000e+02	   1.0696830e-07	   4.9546814e-09	   5.2533072e-10	   3.0086561e-11	   1.0498652e-11	   3.5821979e-13	
   7.7400000e+02	   1.0715978e-07	   4.9619411e-09	   5.2578853e-10	   3.0099002e-11	   1.0503395e-11	   3.5799205e-13	
   7.7500000e+02	   1.0749519e-07	   4.9840218e-09	   5.2861911e-10	   3.0313949e-11	   1.0587953e-11	   3.6151906e-13	
   7.7600000e+02	   1.0801006e-07	   5.0246012e-09	   5.3441648e-10	   3.0782768e-11	   1.0772728e-11	   3.6977872e-13	
   7.7700000e+02	   1.0862909e-07	   5.0761453e-09	   5.4198155e-10	   3.1403976e-11	   1.1017937e-11	   3.8089028e-13	
   7.7800000e+02	   1.0923103e-07	   5.1264136e-09	   5.4935510e-10	   3.2010457e-11	   1.1257820e-11	   3.9172009e-13	
   7.7900000e+02	   1.0973411e-07	   5.1671122e-09	   5.5520491e-10	   3.2488165e-11	   1.1447463e-11	   4.0011627e-13	
   7.8000000e+02	   1.1013513e-07	   5.1978905e-09	   5.5947145e-10	   3.2831957e-11	   1.1584887e-11	   4.0597784e-13	
   7.8100000e+02	   1.1047576e-07	   5.2229432e-09	   5.6282538e-10	   3.3099263e-11	   1.1692762e-11	   4.1038682e-13	
   7.8200000e+02	   1.1079335e-07	   5.2460179e-09	   5.6586729e-10	   3.3341493e-11	   1.1791310e-11	   4.1431408e-13	
   7.8300000e+02	   1.1111084e-07	   5.2694126e-09	   5.6896783e-10	   3.3590505e-11	   1.1893021e-11	   4.1836812e-13	
   7.8400000e+02	   1.1144500e-07	   5.2948049e-09	   5.7239986e-10	   3.3869935e-11	   1.2007143e-11	   4.2300740e-13	
   7.8500000e+02	   1.1180119e-07	   5.3227050e-09	   5.7624752e-10	   3.4186990e-11	   1.2136391e-11	   4.2837401e-13	
   7.8600000e+02	   1.1217275e-07	   5.3523913e-09	   5.8039595e-10	   3.4531620e-11	   1.2276631e-11	   4.3427903e-13	
   7.8700000e+02	   1.1256114e-07	   5.3839957e-09	   5.8487092e-10	   3.4906409e-11	   1.2428822e-11	   4.4078754e-13	
   7.8800000e+02	   1.1297968e-07	   5.4188713e-09	   5.8989602e-10	   3.5331200e-11	   1.2600796e-11	   4.4829797e-13	
   7.8900000e+02	   1.1341709e-07	   5.4557836e-09	   5.9526774e-10	   3.5787388e-11	   1.2784889e-11	   4.5643290e-13	
   7.9000000e+02	   1.1381908e-07	   5.4889968e-09	   6.0004349e-10	   3.6190421e-11	   1.2946949e-11	   4.6349962e-13	
   7.9100000e+02	   1.1413564e-07	   5.5132332e-09	   6.0335691e-10	   3.6462684e-11	   1.3055637e-11	   4.6794826e-13	
   7.9200000e+02	   1.1437487e-07	   5.5292991e-09	   6.0534140e-10	   3.6615908e-11	   1.3115531e-11	   4.7001465e-13	
   7.9300000e+02	   1.1459442e-07	   5.5431945e-09	   6.0698395e-10	   3.6738139e-11	   1.3161879e-11	   4.7145891e-13	
   7.9400000e+02	   1.1485331e-07	   5.5610697e-09	   6.0929678e-10	   3.6919804e-11	   1.3230895e-11	   4.7408883e-13	
   7.9500000e+02	   1.1517666e-07	   5.5855372e-09	   6.1271208e-10	   3.7199606e-11	   1.3337987e-11	   4.7867942e-13	
   7.9600000e+02	   1.1555764e-07	   5.6158836e-09	   6.1711806e-10	   3.7567849e-11	   1.3479095e-11	   4.8504219e-13	
   7.9700000e+02	   1.1598708e-07	   5.6511830e-09	   6.2237142e-10	   3.8012413e-11	   1.3649192e-11	   4.9294696e-13	
   7.9800000e+02	   1.1646329e-07	   5.6913033e-09	   6.2845814e-10	   3.8532631e-11	   1.3847867e-11	   5.0238596e-13	
   7.9900000e+02	   1.1695784e-07	   5.7332437e-09	   6.3488075e-10	   3.9083181e-11	   1.4056716e-11	   5.1242207e-13	
   8.0000000e+02	   1.1739318e-07	   5.7687601e-09	   6.4026399e-10	   3.9538363e-11	   1.4225017e-11	   5.2046875e-13	
   8.0100000e+02	   1.1768324e-07	   5.7886979e-09	   6.4307898e-10	   3.9758518e-11	   1.4296605e-11	   5.2366451e-13	
   8.0200000e+02	   1.1779451e-07	   5.7895069e-09	   6.4273041e-10	   3.9689439e-11	   1.4249993e-11	   5.2091490e-13	
   8.0300000e+02	   1.1776656e-07	   5.7754223e-09	   6.3992055e-10	   3.9395545e-11	   1.4111632e-11	   5.1356419e-13	
   8.0400000e+02	   1.1768654e-07	   5.7557461e-09	   6.3619545e-10	   3.9018219e-11	   1.3938940e-11	   5.0452652e-13	
   8.0500000e+02	   1.1764153e-07	   5.7397511e-09	   6.3309419e-10	   3.8697847e-11	   1.3788765e-11	   4.9667652e-13	
   8.0600000e+02	   1.1768213e-07	   5.7328133e-09	   6.3150427e-10	   3.8514937e-11	   1.3693648e-11	   4.9164469e-13	
   8.0700000e+02	   1.1782021e-07	   5.7361798e-09	   6.3162589e-10	   3.8487254e-11	   1.3660782e-11	   4.8977483e-13	
   8.0800000e+02	   1.1805110e-07	   5.7493620e-09	   6.3337335e-10	   3.8606829e-11	   1.3687000e-11	   4.9089579e-13	
   8.0900000e+02	   1.1837721e-07	   5.7726402e-09	   6.3679228e-10	   3.8878036e-11	   1.3774110e-11	   4.9509911e-13	
   8.1000000e+02	   1.1880767e-07	   5.8070253e-09	   6.4205200e-10	   3.9316772e-11	   1.3928589e-11	   5.0272020e-13	
   8.1100000e+02	   1.1933135e-07	   5.8513835e-09	   6.4896630e-10	   3.9906816e-11	   1.4144151e-11	   5.1345576e-13	
   8.1200000e+02	   1.1990627e-07	   5.9013143e-09	   6.5680704e-10	   4.0582921e-11	   1.4394991e-11	   5.2602340e-13	
   8.1300000e+02	   1.2049557e-07	   5.9529780e-09	   6.6494211e-10	   4.1288946e-11	   1.4659004e-11	   5.3933922e-13	
   8.1400000e+02	   1.2110592e-07	   6.0071902e-09	   6.7351908e-10	   4.2040302e-11	   1.4942746e-11	   5.5378802e-13	
   8.1500000e+02	   1.2177685e-07	   6.0682844e-09	   6.8327593e-10	   4.2906743e-11	   1.5274553e-11	   5.7087706e-13	
   8.1600000e+02	   1.2253206e-07	   6.1388663e-09	   6.9465703e-10	   4.3930512e-11	   1.5671648e-11	   5.9153317e-13	
   8.1700000e+02	   1.2333590e-07	   6.2150537e-09	   7.0700041e-10	   4.5049680e-11	   1.6109176e-11	   6.1445810e-13	
   8.1800000e+02	   1.2410061e-07	   6.2872251e-09	   7.1866011e-10	   4.6108886e-11	   1.6524427e-11	   6.3632886e-13	
   8.1900000e+02	   1.2475305e-07	   6.3473271e-09	   7.2825462e-10	   4.6977029e-11	   1.6864336e-11	   6.5431503e-13	
   8.2000000e+02	   1.2528886e-07	   6.3948273e-09	   7.3568817e-10	   4.7644130e-11	   1.7124666e-11	   6.6817132e-13	
   8.2100000e+02	   1.2575339e-07	   6.4346511e-09	   7.4180072e-10	   4.8188746e-11	   1.7336924e-11	   6.7955559e-13	
   8.2200000e+02	   1.2619282e-07	   6.4718400e-09	   7.4745578e-10	   4.8692113e-11	   1.7533748e-11	   6.9019704e-13	
   8.2300000e+02	   1.2663488e-07	   6.5094344e-09	   7.5317808e-10	   4.9203950e-11	   1.7735116e-11	   7.0116502e-13	
   8.2400000e+02	   1.2709415e-07	   6.5490505e-09	   7.5925083e-10	   4.9751475e-11	   1.7951959e-11	   7.1305697e-13	
   8.2500000e+02	   1.2757796e-07	   6.5915137e-09	   7.6582255e-10	   5.0349287e-11	   1.8190138e-11	   7.2620407e-13	
   8.2600000e+02	   1.2809160e-07	   6.6374390e-09	   7.7300774e-10	   5.1009091e-11	   1.8454392e-11	   7.4088858e-13	
   8.2700000e+02	   1.2864532e-07	   6.6880157e-09	   7.8102377e-10	   5.1752995e-11	   1.8753768e-11	   7.5764416e-13	
   8.2800000e+02	   1.2924750e-07	   6.7442114e-09	   7.9004783e-10	   5.2599003e-11	   1.9095613e-11	   7.7690418e-13	
   8.2900000e+02	   1.2987825e-07	   6.8037671e-09	   7.9968423e-10	   5.3507917e-11	   1.9463739e-11	   7.9775183e-13	
   8.3000000e+02	   1.3047883e-07	   6.8599840e-09	   8.0874882e-10	   5.4361798e-11	   1.9809567e-11	   8.1741037e-13	
   8.3100000e+02	   1.3098406e-07	   6.9054085e-09	   8.1592036e-10	   5.5028557e-11	   2.0078628e-11	   8.3274971e-13	
   8.3200000e+02	   1.3136439e-07	   6.9366314e-09	   8.2059111e-10	   5.5446648e-11	   2.0245374e-11	   8.4227637e-13	
   8.3300000e+02	   1.3163798e-07	   6.9556813e-09	   8.2311763e-10	   5.5650649e-11	   2.0323788e-11	   8.4676020e-13	
   8.3400000e+02	   1.3185853e-07	   6.9686722e-09	   8.2458528e-10	   5.5748466e-11	   2.0358103e-11	   8.4872631e-13	
   8.3500000e+02	   1.3209516e-07	   6.9835038e-09	   8.2640044e-10	   5.5880706e-11	   2.0406107e-11	   8.5150121e-13	
   8.3600000e+02	   1.3240259e-07	   7.0064339e-09	   8.2967874e-10	   5.6159135e-11	   2.0513768e-11	   8.5774141e-13	
   8.3700000e+02	   1.3278737e-07	   7.0382018e-09	   8.3455350e-10	   5.6597101e-11	   2.0686571e-11	   8.6776963e-13	
   8.3800000e+02	   1.3320854e-07	   7.0741032e-09	   8.4018917e-10	   5.7110921e-11	   2.0890110e-11	   8.7960953e-13	
   8.3900000e+02	   1.3362768e-07	   7.1097379e-09	   8.4580532e-10	   5.7622729e-11	   2.1092457e-11	   8.9143827e-13	
   8.4000000e+02	   1.3404007e-07	   7.1445697e-09	   8.5130799e-10	   5.8123484e-11	   2.1290041e-11	   9.0306810e-13	
   8.4100000e+02	   1.3443918e-07	   7.1778286e-09	   8.5655477e-10	   5.8598437e-11	   2.1476797e-11	   9.1413055e-13	
   8.4200000e+02	   1.3478940e-07	   7.2053833e-09	   8.6079849e-10	   5.8971342e-11	   2.1621169e-11	   9.2274830e-13	
   8.4300000e+02	   1.3507236e-07	   7.2251149e-09	   8.6365550e-10	   5.9203148e-11	   2.1707001e-11	   9.2796038e-13	
   8.4400000e+02	   1.3533223e-07	   7.2421543e-09	   8.6604648e-10	   5.9387520e-11	   2.1773059e-11	   9.3205338e-13	
   8.4500000e+02	   1.3563890e-07	   7.2646144e-09	   8.6942900e-10	   5.9672786e-11	   2.1880742e-11	   9.3865377e-13	
   8.4600000e+02	   1.3602013e-07	   7.2957318e-09	   8.7438399e-10	   6.0118172e-11	   2.2054579e-11	   9.4921029e-13	
   8.4700000e+02	   1.3644160e-07	   7.3315404e-09	   8.8019506e-10	   6.0650738e-11	   2.2264365e-11	   9.6192544e-13	
   8.4800000e+02	   1.3683666e-07	   7.3643110e-09	   8.8546584e-10	   6.1128006e-11	   2.2451066e-11	   9.7327893e-13	
   8.4900000e+02	   1.3715282e-07	   7.3879491e-09	   8.8909344e-10	   6.1437287e-11	   2.2567968e-11	   9.8047546e-13	
   8.5000000e+02	   1.3738322e-07	   7.4016691e-09	   8.9093312e-10	   6.1563731e-11	   2.2608908e-11	   9.8313576e-13	
   8.5100000e+02	   1.3756539e-07	   7.4098442e-09	   8.9177250e-10	   6.1587802e-11	   2.2607238e-11	   9.8324331e-13	
   8.5200000e+02	   1.3775418e-07	   7.4188725e-09	   8.9276586e-10	   6.1627490e-11	   2.2611866e-11	   9.8371695e-13	
   8.5300000e+02	   1.3798744e-07	   7.4331710e-09	   8.9471009e-10	   6.1764284e-11	   2.2656570e-11	   9.8657508e-13	
   8.5400000e+02	   1.3826762e-07	   7.4530406e-09	   8.9765829e-10	   6.2003660e-11	   2.2743626e-11	   9.9195221e-13	
   8.5500000e+02	   1.3857259e-07	   7.4759187e-09	   9.0114574e-10	   6.2298139e-11	   2.2853358e-11	   9.9866771e-13	
   8.5600000e+02	   1.3887866e-07	   7.4990598e-09	   9.0467440e-10	   6.2596805e-11	   2.2964665e-11	   1.0054536e-12	
   8.5700000e+02	   1.3917373e-07	   7.5210652e-09	   9.0798970e-10	   6.2873614e-11	   2.3066751e-11	   1.0116588e-12	
   8.5800000e+02	   1.3945389e-07	   7.5414945e-09	   9.1101038e-10	   6.3120222e-11	   2.3156158e-11	   1.0170712e-12	
   8.5900000e+02	   1.3970975e-07	   7.5592676e-09	   9.1353935e-10	   6.3316362e-11	   2.3224476e-11	   1.0211803e-12	
   8.6000000e+02	   1.3992000e-07	   7.5719257e-09	   9.1513059e-10	   6.3416256e-11	   2.3252716e-11	   1.0228407e-12	
   8.6100000e+02	   1.4006417e-07	   7.5771224e-09	   9.1536051e-10	   6.3376491e-11	   2.3222865e-11	   1.0209750e-12	
   8.6200000e+02	   1.4014186e-07	   7.5748588e-09	   9.1423295e-10	   6.3197506e-11	   2.3135086e-11	   1.0156089e-12	
   8.6300000e+02	   1.4017872e-07	   7.5681617e-09	   9.1229995e-10	   6.2935846e-11	   2.3012776e-11	   1.0081680e-12	
   8.6400000e+02	   1.4021078e-07	   7.5612372e-09	   9.1032584e-10	   6.2669748e-11	   2.2888336e-11	   1.0006135e-12	
   8.6500000e+02	   1.4025597e-07	   7.5561619e-09	   9.0868852e-10	   6.2438041e-11	   2.2777904e-11	   9.9392256e-13	
   8.6600000e+02	   1.4030664e-07	   7.5520184e-09	   9.0722301e-10	   6.2224075e-11	   2.2674677e-11	   9.8768753e-13	
   8.6700000e+02	   1.4035889e-07	   7.5483026e-09	   9.0583626e-10	   6.2018195e-11	   2.2574666e-11	   9.8165790e-13	
   8.6800000e+02	   1.4043350e-07	   7.5473675e-09	   9.0494936e-10	   6.1862847e-11	   2.2495335e-11	   9.7686162e-13	
   8.6900000e+02	   1.4055098e-07	   7.5515425e-09	   9.0498044e-10	   6.1800368e-11	   2.2454141e-11	   9.7433174e-13	
   8.7000000e+02	   1.4069903e-07	   7.5593698e-09	   9.0566751e-10	   6.1804405e-11	   2.2440314e-11	   9.7342531e-13	
   8.7100000e+02	   1.4083823e-07	   7.5662644e-09	   9.0618713e-10	   6.1791918e-11	   2.2419793e-11	   9.7211718e-13	
   8.7200000e+02	   1.4093056e-07	   7.5678094e-09	   9.0574718e-10	   6.1683189e-11	   2.2359930e-11	   9.6847057e-13	
   8.7300000e+02	   1.4095808e-07	   7.5619162e-09	   9.0397517e-10	   6.1441089e-11	   2.2245619e-11	   9.6159670e-13	
   8.7400000e+02	   1.4092424e-07	   7.5489721e-09	   9.0094412e-10	   6.1073608e-11	   2.2080307e-11	   9.5171263e-13	
   8.7500000e+02	   1.4084425e-07	   7.5307219e-09	   8.9697077e-10	   6.0613334e-11	   2.1877528e-11	   9.3963418e-13	
   8.7600000e+02	   1.4073437e-07	   7.5090283e-09	   8.9239231e-10	   6.0094806e-11	   2.1651585e-11	   9.2621949e-13	
   8.7700000e+02	   1.4060489e-07	   7.4850667e-09	   8.8742282e-10	   5.9540157e-11	   2.1411676e-11	   9.1202460e-13	
   8.7800000e+02	   1.4045234e-07	   7.4584583e-09	   8.8200198e-10	   5.8944450e-11	   2.1156008e-11	   8.9697096e-13	
   8.7900000e+02	   1.4025032e-07	   7.4262520e-09	   8.7561950e-10	   5.8258922e-11	   2.0865096e-11	   8.7997588e-13	
   8.8000000e+02	   1.3995211e-07	   7.3832551e-09	   8.6737805e-10	   5.7397803e-11	   2.0504643e-11	   8.5913527e-13	
   8.8100000e+02	   1.3951257e-07	   7.3245353e-09	   8.5643850e-10	   5.6282659e-11	   2.0043586e-11	   8.3277452e-13	
   8.8200000e+02	   1.3890759e-07	   7.2476427e-09	   8.4241442e-10	   5.4881495e-11	   1.9469978e-11	   8.0036566e-13	
   8.8300000e+02	   1.3812983e-07	   7.1521460e-09	   8.2529213e-10	   5.3201040e-11	   1.8787852e-11	   7.6234531e-13	
   8.8400000e+02	   1.3717067e-07	   7.0376282e-09	   8.0508241e-10	   5.1252965e-11	   1.8003582e-11	   7.1933481e-13	
   8.8500000e+02	   1.3600903e-07	   6.9024769e-09	   7.8161292e-10	   4.9034012e-11	   1.7117887e-11	   6.7168502e-13	
   8.8600000e+02	   1.3461934e-07	   6.7447336e-09	   7.5466944e-10	   4.6538569e-11	   1.6130680e-11	   6.1971342e-13	
   8.8700000e+02	   1.3299430e-07	   6.5645132e-09	   7.2439525e-10	   4.3794190e-11	   1.5054844e-11	   5.6439388e-13	
   8.8800000e+02	   1.3115493e-07	   6.3650420e-09	   6.9145752e-10	   4.0875575e-11	   1.3921516e-11	   5.0759963e-13	
   8.8900000e+02	   1.2913026e-07	   6.1504834e-09	   6.5667916e-10	   3.7870175e-11	   1.2766472e-11	   4.5137348e-13	
   8.9000000e+02	   1.2693538e-07	   5.9235477e-09	   6.2063183e-10	   3.4840139e-11	   1.1615083e-11	   3.9712584e-13	
   8.9100000e+02	   1.2457796e-07	   5.6860407e-09	   5.8370886e-10	   3.1827033e-11	   1.0483905e-11	   3.4568749e-13	
   8.9200000e+02	   1.2208151e-07	   5.4410640e-09	   5.4646027e-10	   2.8879268e-11	   9.3910586e-12	   2.9780750e-13	
   8.9300000e+02	   1.1949929e-07	   5.1941917e-09	   5.0975554e-10	   2.6064087e-11	   8.3606214e-12	   2.5435737e-13	
   8.9400000e+02	   1.1690651e-07	   4.9525735e-09	   4.7463340e-10	   2.3454748e-11	   7.4178407e-12	   2.1613000e-13	
   8.9500000e+02	   1.1437443e-07	   4.7225110e-09	   4.4194646e-10	   2.1104232e-11	   6.5797578e-12	   1.8348799e-13	
   8.9600000e+02	   1.1195174e-07	   4.5078007e-09	   4.1213177e-10	   1.9029963e-11	   5.8500453e-12	   1.5620983e-13	
   8.9700000e+02	   1.0967127e-07	   4.3104176e-09	   3.8532502e-10	   1.7224412e-11	   5.2231912e-12	   1.3370766e-13	
   8.9800000e+02	   1.0756516e-07	   4.1319861e-09	   3.6158901e-10	   1.5673959e-11	   4.6915790e-12	   1.1534554e-13	
   8.9900000e+02	   1.0566785e-07	   3.9741752e-09	   3.4098651e-10	   1.4365841e-11	   4.2481921e-12	   1.0056689e-13	
   9.0000000e+02	   1.0401115e-07	   3.8383595e-09	   3.2354383e-10	   1.3286452e-11	   3.8861019e-12	   8.8879452e-14	
   9.0100000e+02	   1.0262253e-07	   3.7255390e-09	   3.0924562e-10	   1.2421254e-11	   3.5984343e-12	   7.9846935e-14	
   9.0200000e+02	   1.0152757e-07	   3.6366023e-09	   2.9807464e-10	   1.1757531e-11	   3.3792906e-12	   7.3112455e-14	
   9.0300000e+02	   1.0075270e-07	   3.5726076e-09	   2.9005251e-10	   1.1287074e-11	   3.2246284e-12	   6.8419678e-14	
   9.0400000e+02	   1.0032577e-07	   3.5348925e-09	   2.8525816e-10	   1.1007417e-11	   3.1326549e-12	   6.5618806e-14	
   9.0500000e+02	   1.0027367e-07	   3.5249675e-09	   2.8382021e-10	   1.0921598e-11	   3.1037481e-12	   6.4660664e-14	
   9.0600000e+02	   1.0061785e-07	   3.5442513e-09	   2.8589068e-10	   1.1036948e-11	   3.1400868e-12	   6.5585785e-14	
   9.0700000e+02	   1.0136938e-07	   3.5937589e-09	   2.9161229e-10	   1.1363549e-11	   3.2451940e-12	   6.8514325e-14	
   9.0800000e+02	   1.0252599e-07	   3.6738978e-09	   3.0109673e-10	   1.1913288e-11	   3.4236839e-12	   7.3644641e-14	
   9.0900000e+02	   1.0407362e-07	   3.7845670e-09	   3.1443673e-10	   1.2700806e-11	   3.6816322e-12	   8.1273308e-14	
   9.1000000e+02	   1.0599314e-07	   3.9256177e-09	   3.3176172e-10	   1.3747113e-11	   4.0278576e-12	   9.1847864e-14	
   9.1100000e+02	   1.0826795e-07	   4.0973605e-09	   3.5329756e-10	   1.5083410e-11	   4.4752827e-12	   1.0602565e-13	
   9.1200000e+02	   1.1088087e-07	   4.3001963e-09	   3.7931001e-10	   1.6747286e-11	   5.0396956e-12	   1.2464827e-13	
   9.1300000e+02	   1.1379838e-07	   4.5332171e-09	   4.0991212e-10	   1.8769935e-11	   5.7354503e-12	   1.4861541e-13	
   9.1400000e+02	   1.1696574e-07	   4.7937183e-09	   4.4499290e-10	   2.1171392e-11	   6.5739061e-12	   1.7885529e-13	
   9.1500000e+02	   1.2032846e-07	   5.0788859e-09	   4.8443317e-10	   2.3974501e-11	   7.5682539e-12	   2.1651101e-13	
   9.1600000e+02	   1.2385209e-07	   5.3873423e-09	   5.2829910e-10	   2.7216847e-11	   8.7375356e-12	   2.6308940e-13	
   9.1700000e+02	   1.2751416e-07	   5.7183938e-09	   5.7672844e-10	   3.0941853e-11	   1.0103427e-11	   3.2035106e-13	
   9.1800000e+02	   1.3128755e-07	   6.0706283e-09	   6.2973568e-10	   3.5184841e-11	   1.1685317e-11	   3.9014310e-13	
   9.1900000e+02	   1.3513925e-07	   6.4418226e-09	   6.8719433e-10	   3.9970726e-11	   1.3499311e-11	   4.7434668e-13	
   9.2000000e+02	   1.3903360e-07	   6.8290738e-09	   7.4882540e-10	   4.5308758e-11	   1.5555552e-11	   5.7466055e-13	
   9.2100000e+02	   1.4292482e-07	   7.2278498e-09	   8.1400970e-10	   5.1170983e-11	   1.7849032e-11	   6.9201390e-13	
   9.2200000e+02	   1.4675087e-07	   7.6312626e-09	   8.8164516e-10	   5.7475041e-11	   2.0352027e-11	   8.2602476e-13	
   9.2300000e+02	   1.5044360e-07	   8.0311247e-09	   9.5030702e-10	   6.4094938e-11	   2.3017456e-11	   9.7499180e-13	
   9.2400000e+02	   1.5394641e-07	   8.4199047e-09	   1.0185761e-09	   7.0889670e-11	   2.5789644e-11	   1.1363206e-12	
   9.2500000e+02	   1.5722421e-07	   8.7920227e-09	   1.0852856e-09	   7.7728610e-11	   2.8614534e-11	   1.3070438e-12	
   9.2600000e+02	   1.6026199e-07	   9.1439526e-09	   1.1495743e-09	   8.4500587e-11	   3.1443803e-11	   1.4840826e-12	
   9.2700000e+02	   1.6305584e-07	   9.4734050e-09	   1.2107730e-09	   9.1106304e-11	   3.4232296e-11	   1.6641569e-12	
   9.2800000e+02	   1.6560556e-07	   9.7786076e-09	   1.2683000e-09	   9.7451388e-11	   3.6935760e-11	   1.8437419e-12	
   9.2900000e+02	   1.6791376e-07	   1.0058302e-08	   1.3216798e-09	   1.0345152e-10	   3.9513532e-11	   2.0193361e-12	
   9.3000000e+02	   1.6998619e-07	   1.0311795e-08	   1.3705600e-09	   1.0903583e-10	   4.1930273e-11	   2.1876329e-12	
   9.3100000e+02	   1.7182853e-07	   1.0538554e-08	   1.4146359e-09	   1.1413936e-10	   4.4152964e-11	   2.3453719e-12	
   9.3200000e+02	   1.7344677e-07	   1.0738286e-08	   1.4536749e-09	   1.1870800e-10	   4.6153480e-11	   2.4896253e-12	
   9.3300000e+02	   1.7485607e-07	   1.0912129e-08	   1.4877663e-09	   1.2273027e-10	   4.7922936e-11	   2.6189471e-12	
   9.3400000e+02	   1.7608664e-07	   1.1063440e-08	   1.5174828e-09	   1.2625791e-10	   4.9480973e-11	   2.7341253e-12	
   9.3500000e+02	   1.7717484e-07	   1.1196579e-08	   1.5436318e-09	   1.2937555e-10	   5.0862453e-11	   2.8372170e-12	
   9.3600000e+02	   1.7814585e-07	   1.1314538e-08	   1.5667622e-09	   1.3213950e-10	   5.2090237e-11	   2.9294879e-12	
   9.3700000e+02	   1.7900325e-07	   1.1417485e-08	   1.5868548e-09	   1.3453815e-10	   5.3157405e-11	   3.0100177e-12	
   9.3800000e+02	   1.7974012e-07	   1.1504241e-08	   1.6036249e-09	   1.3652905e-10	   5.4043664e-11	   3.0769451e-12	
   9.3900000e+02	   1.8036836e-07	   1.1576286e-08	   1.6173579e-09	   1.3814391e-10	   5.4762370e-11	   3.1311223e-12	
   9.4000000e+02	   1.8092837e-07	   1.1639083e-08	   1.6291834e-09	   1.3952281e-10	   5.5375744e-11	   3.1772888e-12	
   9.4100000e+02	   1.8145697e-07	   1.1697632e-08	   1.6401380e-09	   1.4079484e-10	   5.5941234e-11	   3.2198434e-12	
   9.4200000e+02	   1.8195847e-07	   1.1752466e-08	   1.6503241e-09	   1.4197114e-10	   5.6463430e-11	   3.2590651e-12	
   9.4300000e+02	   1.8242037e-07	   1.1801839e-08	   1.6593682e-09	   1.4300321e-10	   5.6920274e-11	   3.2931790e-12	
   9.4400000e+02	   1.8284209e-07	   1.1845685e-08	   1.6672547e-09	   1.4388865e-10	   5.7310568e-11	   3.3220885e-12	
   9.4500000e+02	   1.8323684e-07	   1.1885867e-08	   1.6743755e-09	   1.4467723e-10	   5.7656641e-11	   3.3475679e-12	
   9.4600000e+02	   1.8362140e-07	   1.1924739e-08	   1.6812277e-09	   1.4543242e-10	   5.7987090e-11	   3.3718968e-12	
   9.4700000e+02	   1.8401717e-07	   1.1965308e-08	   1.6884494e-09	   1.4623633e-10	   5.8339044e-11	   3.3980521e-12	
   9.4800000e+02	   1.8445078e-07	   1.2011315e-08	   1.6968364e-09	   1.4719171e-10	   5.8759061e-11	   3.4297780e-12	
   9.4900000e+02	   1.8493834e-07	   1.2065022e-08	   1.7068723e-09	   1.4836133e-10	   5.9275656e-11	   3.4693793e-12	
   9.5000000e+02	   1.8546888e-07	   1.2124900e-08	   1.7182335e-09	   1.4970384e-10	   5.9870271e-11	   3.5153820e-12	
   9.5100000e+02	   1.8600798e-07	   1.2186119e-08	   1.7298930e-09	   1.5108667e-10	   6.0482986e-11	   3.5629683e-12	
   9.5200000e+02	   1.8651844e-07	   1.2243440e-08	   1.7407331e-09	   1.5236490e-10	   6.1048184e-11	   3.6068329e-12	
   9.5300000e+02	   1.8698303e-07	   1.2294422e-08	   1.7502307e-09	   1.5347041e-10	   6.1534995e-11	   3.6444610e-12	
   9.5400000e+02	   1.8741333e-07	   1.2340685e-08	   1.7587313e-09	   1.5444786e-10	   6.1963695e-11	   3.6774810e-12	
   9.5500000e+02	   1.8783769e-07	   1.2386219e-08	   1.7670879e-09	   1.5540817e-10	   6.2384686e-11	   3.7099787e-12	
   9.5600000e+02	   1.8828204e-07	   1.2434688e-08	   1.7760854e-09	   1.5645380e-10	   6.2844580e-11	   3.7457508e-12	
   9.5700000e+02	   1.8875893e-07	   1.2487870e-08	   1.7861074e-09	   1.5763513e-10	   6.3366397e-11	   3.7866874e-12	
   9.5800000e+02	   1.8926509e-07	   1.2545306e-08	   1.7970566e-09	   1.5893973e-10	   6.3944588e-11	   3.8323467e-12	
   9.5900000e+02	   1.8978445e-07	   1.2604712e-08	   1.8084424e-09	   1.6030345e-10	   6.4550040e-11	   3.8803445e-12	
   9.6000000e+02	   1.9029885e-07	   1.2663500e-08	   1.8197085e-09	   1.6165332e-10	   6.5149572e-11	   3.9279540e-12	
   9.6100000e+02	   1.9080395e-07	   1.2721056e-08	   1.8307239e-09	   1.6297242e-10	   6.5735585e-11	   3.9745608e-12	
   9.6200000e+02	   1.9131257e-07	   1.2779216e-08	   1.8418867e-09	   1.6431355e-10	   6.6332282e-11	   4.0221800e-12	
   9.6300000e+02	   1.9183642e-07	   1.2839646e-08	   1.8535575e-09	   1.6572438e-10	   6.6961492e-11	   4.0726198e-12	
   9.6400000e+02	   1.9237181e-07	   1.2901811e-08	   1.8656201e-09	   1.6718948e-10	   6.7616208e-11	   4.1252919e-12	
   9.6500000e+02	   1.9290990e-07	   1.2964445e-08	   1.8778010e-09	   1.6867279e-10	   6.8280024e-11	   4.1788377e-12	
   9.6600000e+02	   1.9344781e-07	   1.3027132e-08	   1.8900104e-09	   1.7016254e-10	   6.8947628e-11	   4.2328171e-12	
   9.6700000e+02	   1.9397792e-07	   1.3088752e-08	   1.9020016e-09	   1.7162524e-10	   6.9603616e-11	   4.2859043e-12	
   9.6800000e+02	   1.9447723e-07	   1.3145946e-08	   1.9130363e-09	   1.7296121e-10	   7.0202100e-11	   4.3341763e-12	
   9.6900000e+02	   1.9492052e-07	   1.3195031e-08	   1.9223053e-09	   1.7406116e-10	   7.0692767e-11	   4.3733317e-12	
   9.7000000e+02	   1.9529916e-07	   1.3234732e-08	   1.9295257e-09	   1.7488645e-10	   7.1057770e-11	   4.4018188e-12	
   9.7100000e+02	   1.9562145e-07	   1.3266229e-08	   1.9349531e-09	   1.7547084e-10	   7.1312560e-11	   4.4209142e-12	
   9.7200000e+02	   1.9590133e-07	   1.3291530e-08	   1.9390248e-09	   1.7587277e-10	   7.1483982e-11	   4.4328732e-12	
   9.7300000e+02	   1.9615079e-07	   1.3312363e-08	   1.9421187e-09	   1.7614292e-10	   7.1595352e-11	   4.4396652e-12	
   9.7400000e+02	   1.9637785e-07	   1.3329890e-08	   1.9444893e-09	   1.7631551e-10	   7.1662449e-11	   4.4426294e-12	
   9.7500000e+02	   1.9658509e-07	   1.3344481e-08	   1.9462185e-09	   1.7640172e-10	   7.1690462e-11	   4.4422137e-12	
   9.7600000e+02	   1.9676448e-07	   1.3354967e-08	   1.9470514e-09	   1.7636763e-10	   7.1663875e-11	   4.4371201e-12	
   9.7700000e+02	   1.9689180e-07	   1.3357836e-08	   1.9462222e-09	   1.7611101e-10	   7.1535778e-11	   4.4234060e-12	
   9.7800000e+02	   1.9693495e-07	   1.3348441e-08	   1.9427183e-09	   1.7549687e-10	   7.1244275e-11	   4.3958809e-12	
   9.7900000e+02	   1.9687958e-07	   1.3324725e-08	   1.9360966e-09	   1.7446720e-10	   7.0762910e-11	   4.3523812e-12	
   9.8000000e+02	   1.9674285e-07	   1.3289230e-08	   1.9269230e-09	   1.7309975e-10	   7.0127716e-11	   4.2960572e-12	
   9.8100000e+02	   1.9655300e-07	   1.3246118e-08	   1.9161201e-09	   1.7152057e-10	   6.9396988e-11	   4.2319587e-12	
   9.8200000e+02	   1.9632125e-07	   1.3197098e-08	   1.9040763e-09	   1.6978442e-10	   6.8596308e-11	   4.1623786e-12	
   9.8300000e+02	   1.9603801e-07	   1.3140882e-08	   1.8905283e-09	   1.6785934e-10	   6.7711490e-11	   4.0862679e-12	
   9.8400000e+02	   1.9568813e-07	   1.3075384e-08	   1.8750413e-09	   1.6569081e-10	   6.6718068e-11	   4.0017256e-12	
   9.8500000e+02	   1.9526619e-07	   1.2999930e-08	   1.8574870e-09	   1.6326501e-10	   6.5610193e-11	   3.9084025e-12	
   9.8600000e+02	   1.9478188e-07	   1.2915998e-08	   1.8382012e-09	   1.6062897e-10	   6.4409740e-11	   3.8082283e-12	
   9.8700000e+02	   1.9425323e-07	   1.2826246e-08	   1.8177701e-09	   1.5786198e-10	   6.3153195e-11	   3.7043040e-12	
   9.8800000e+02	   1.9369486e-07	   1.2732833e-08	   1.7966704e-09	   1.5502849e-10	   6.1870173e-11	   3.5991365e-12	
   9.8900000e+02	   1.9311007e-07	   1.2636314e-08	   1.7750351e-09	   1.5214810e-10	   6.0569883e-11	   3.4935595e-12	
   9.9000000e+02	   1.9249250e-07	   1.2535880e-08	   1.7527067e-09	   1.4920278e-10	   5.9244464e-11	   3.3870212e-12	
   9.9100000e+02	   1.9183694e-07	   1.2430876e-08	   1.7295578e-09	   1.4617789e-10	   5.7887492e-11	   3.2790596e-12	
   9.9200000e+02	   1.9114807e-07	   1.2322009e-08	   1.7057445e-09	   1.4309432e-10	   5.6508458e-11	   3.1704449e-12	
   9.9300000e+02	   1.9043713e-07	   1.2210898e-08	   1.6816135e-09	   1.3999667e-10	   5.5127440e-11	   3.0627589e-12	
   9.9400000e+02	   1.8970916e-07	   1.2098542e-08	   1.6573958e-09	   1.3691597e-10	   5.3758521e-11	   2.9571257e-12	
   9.9500000e+02	   1.8892525e-07	   1.1982555e-08	   1.6327807e-09	   1.3382889e-10	   5.2392847e-11	   2.8531177e-12	
   9.9600000e+02	   1.8779193e-07	   1.1844577e-08	   1.6053009e-09	   1.3053703e-10	   5.0953132e-11	   2.7465938e-12	
   9.9700000e+02	   1.8490602e-07	   1.1598859e-08	   1.5636842e-09	   1.2616388e-10	   4.9102813e-11	   2.6203934e-12	
   9.9800000e+02	   1.7604042e-07	   1.0987924e-08	   1.4741945e-09	   1.1809988e-10	   4.5842219e-11	   2.4239963e-12	
   9.9900000e+02	   1.5416771e-07	   9.5840914e-09	   1.2808400e-09	   1.0201891e-10	   3.9514697e-11	   2.0738049e-12	
   1.0000000e+03	   1.1591892e-07	   7.1854122e-09	   9.5756850e-10	   7.5951656e-11	   2.9372115e-11	   1.5331143e-12	
