   6.5000000e+02	   2.9603079e-08	   1.2412202e-09	   1.2463192e-10	   6.6142723e-12	   2.1850800e-12	   6.5747704e-14	
   6.5100000e+02	   3.9436729e-08	   1.6584161e-09	   1.6699559e-10	   8.8950535e-12	   2.9400015e-12	   8.9023010e-14	
   6.5200000e+02	   4.5060937e-08	   1.8987933e-09	   1.9159957e-10	   1.0230145e-11	   3.3805569e-12	   1.0292685e-13	
   6.5300000e+02	   4.7278829e-08	   1.9925873e-09	   2.0116692e-10	   1.0741317e-11	   3.5450794e-12	   1.0830054e-13	
   6.5400000e+02	   4.7901905e-08	   2.0159447e-09	   2.0336376e-10	   1.0838765e-11	   3.5703791e-12	   1.0925622e-13	
   6.5500000e+02	   4.8082964e-08	   2.0204998e-09	   2.0368203e-10	   1.0838749e-11	   3.5645591e-12	   1.0932153e-13	
   6.5600000e+02	   4.8244834e-08	   2.0271772e-09	   2.0452052e-10	   1.0891646e-11	   3.5804795e-12	   1.1036376e-13	
   6.5700000e+02	   4.8484430e-08	   2.0412803e-09	   2.0652427e-10	   1.1040090e-11	   3.6333183e-12	   1.1295201e-13	
   6.5800000e+02	   4.8794048e-08	   2.0617161e-09	   2.0950042e-10	   1.1267448e-11	   3.7164172e-12	   1.1681817e-13	
   6.5900000e+02	   4.9130619e-08	   2.0845772e-09	   2.1283890e-10	   1.1524908e-11	   3.8108347e-12	   1.2118874e-13	
   6.6000000e+02	   4.9445603e-08	   2.1054604e-09	   2.1584926e-10	   1.1757086e-11	   3.8949748e-12	   1.2516715e-13	
   6.6100000e+02	   4.9711568e-08	   2.1218989e-09	   2.1813802e-10	   1.1932215e-11	   3.9561202e-12	   1.2822024e-13	
   6.6200000e+02	   4.9935268e-08	   2.1345921e-09	   2.1980436e-10	   1.2058055e-11	   3.9966813e-12	   1.3045068e-13	
   6.6300000e+02	   5.0145689e-08	   2.1462912e-09	   2.2127106e-10	   1.2168400e-11	   4.0293960e-12	   1.3239942e-13	
   6.6400000e+02	   5.0372912e-08	   2.1598220e-09	   2.2297899e-10	   1.2298473e-11	   4.0682137e-12	   1.3466115e-13	
   6.6500000e+02	   5.0636223e-08	   2.1769799e-09	   2.2521315e-10	   1.2470891e-11	   4.1228967e-12	   1.3765412e-13	
   6.6600000e+02	   5.0940195e-08	   2.1981659e-09	   2.2804114e-10	   1.2690609e-11	   4.1968638e-12	   1.4152291e-13	
   6.6700000e+02	   5.1272560e-08	   2.2221740e-09	   2.3127491e-10	   1.2941669e-11	   4.2856922e-12	   1.4606459e-13	
   6.6800000e+02	   5.1606071e-08	   2.2463563e-09	   2.3449527e-10	   1.3189112e-11	   4.3775017e-12	   1.5073676e-13	
   6.6900000e+02	   5.1908673e-08	   2.2675922e-09	   2.3720854e-10	   1.3391833e-11	   4.4574012e-12	   1.5484892e-13	
   6.7000000e+02	   5.2158278e-08	   2.2837169e-09	   2.3907843e-10	   1.3521768e-11	   4.5144851e-12	   1.5787684e-13	
   6.7100000e+02	   5.2353585e-08	   2.2945811e-09	   2.4009864e-10	   1.3578331e-11	   4.5474091e-12	   1.5972387e-13	
   6.7200000e+02	   5.2511832e-08	   2.3018443e-09	   2.4056093e-10	   1.3585817e-11	   4.5637729e-12	   1.6070148e-13	
   6.7300000e+02	   5.2653909e-08	   2.3075278e-09	   2.4082162e-10	   1.3573847e-11	   4.5731588e-12	   1.6121431e-13	
   6.7400000e+02	   5.2797732e-08	   2.3133727e-09	   2.4119099e-10	   1.3567992e-11	   4.5840285e-12	   1.6162580e-13	
   6.7500000e+02	   5.2970121e-08	   2.3220045e-09	   2.4210739e-10	   1.3604308e-11	   4.6095699e-12	   1.6254182e-13	
   6.7600000e+02	   5.3207898e-08	   2.3370401e-09	   2.4414813e-10	   1.3730667e-11	   4.6681499e-12	   1.6483699e-13	
   6.7700000e+02	   5.3528353e-08	   2.3601939e-09	   2.4757229e-10	   1.3969408e-11	   4.7686235e-12	   1.6896403e-13	
   6.7800000e+02	   5.3907670e-08	   2.3891569e-09	   2.5198884e-10	   1.4290089e-11	   4.8994875e-12	   1.7443894e-13	
   6.7900000e+02	   5.4302984e-08	   2.4197412e-09	   2.5669858e-10	   1.4637534e-11	   5.0394842e-12	   1.8033021e-13	
   6.8000000e+02	   5.4686376e-08	   2.4491952e-09	   2.6122320e-10	   1.4975073e-11	   5.1742126e-12	   1.8602792e-13	
   6.8100000e+02	   5.5048732e-08	   2.4765755e-09	   2.6537192e-10	   1.5289322e-11	   5.2980400e-12	   1.9131870e-13	
   6.8200000e+02	   5.5378836e-08	   2.5006893e-09	   2.6892274e-10	   1.5562679e-11	   5.4036374e-12	   1.9587426e-13	
   6.8300000e+02	   5.5647962e-08	   2.5185870e-09	   2.7138680e-10	   1.5752874e-11	   5.4742975e-12	   1.9887745e-13	
   6.8400000e+02	   5.5829605e-08	   2.5275794e-09	   2.7233552e-10	   1.5821170e-11	   5.4950967e-12	   1.9957269e-13	
   6.8500000e+02	   5.5948966e-08	   2.5302471e-09	   2.7220662e-10	   1.5802554e-11	   5.4802446e-12	   1.9861724e-13	
   6.8600000e+02	   5.6090178e-08	   2.5351704e-09	   2.7241676e-10	   1.5816295e-11	   5.4770958e-12	   1.9829277e-13	
   6.8700000e+02	   5.6320807e-08	   2.5492924e-09	   2.7411991e-10	   1.5959279e-11	   5.5244464e-12	   2.0047289e-13	
   6.8800000e+02	   5.6626712e-08	   2.5713086e-09	   2.7713186e-10	   1.6213404e-11	   5.6162489e-12	   2.0484811e-13	
   6.8900000e+02	   5.6945072e-08	   2.5949646e-09	   2.8045775e-10	   1.6491351e-11	   5.7191953e-12	   2.0978338e-13	
   6.9000000e+02	   5.7237005e-08	   2.6163696e-09	   2.8347407e-10	   1.6738959e-11	   5.8124622e-12	   2.1426313e-13	
   6.9100000e+02	   5.7513544e-08	   2.6366393e-09	   2.8636183e-10	   1.6972924e-11	   5.9024926e-12	   2.1862015e-13	
   6.9200000e+02	   5.7814012e-08	   2.6597363e-09	   2.8976364e-10	   1.7251023e-11	   6.0115943e-12	   2.2397939e-13	
   6.9300000e+02	   5.8168074e-08	   2.6886199e-09	   2.9415888e-10	   1.7616944e-11	   6.1565313e-12	   2.3119324e-13	
   6.9400000e+02	   5.8559932e-08	   2.7215451e-09	   2.9925173e-10	   1.8044964e-11	   6.3268274e-12	   2.3973630e-13	
   6.9500000e+02	   5.8914309e-08	   2.7505630e-09	   3.0371468e-10	   1.8415553e-11	   6.4750473e-12	   2.4718716e-13	
   6.9600000e+02	   5.9137240e-08	   2.7657516e-09	   3.0588734e-10	   1.8577792e-11	   6.5413692e-12	   2.5047006e-13	
   6.9700000e+02	   5.9207435e-08	   2.7647959e-09	   3.0537593e-10	   1.8494842e-11	   6.5111201e-12	   2.4881158e-13	
   6.9800000e+02	   5.9217297e-08	   2.7573201e-09	   3.0378067e-10	   1.8310978e-11	   6.4413003e-12	   2.4511870e-13	
   6.9900000e+02	   5.9292601e-08	   2.7564948e-09	   3.0329620e-10	   1.8225333e-11	   6.4105292e-12	   2.4342044e-13	
   7.0000000e+02	   5.9487267e-08	   2.7680111e-09	   3.0487008e-10	   1.8324985e-11	   6.4528925e-12	   2.4547230e-13	
   7.0100000e+02	   5.9765520e-08	   2.7881946e-09	   3.0788690e-10	   1.8556099e-11	   6.5464980e-12	   2.5016179e-13	
   7.0200000e+02	   6.0052793e-08	   2.8093160e-09	   3.1105424e-10	   1.8803868e-11	   6.6451619e-12	   2.5512937e-13	
   7.0300000e+02	   6.0293897e-08	   2.8256643e-09	   3.1341662e-10	   1.8983938e-11	   6.7146841e-12	   2.5863444e-13	
   7.0400000e+02	   6.0488554e-08	   2.8372599e-09	   3.1497682e-10	   1.9098364e-11	   6.7551624e-12	   2.6071227e-13	
   7.0500000e+02	   6.0690378e-08	   2.8497495e-09	   3.1668024e-10	   1.9233960e-11	   6.8005734e-12	   2.6315493e-13	
   7.0600000e+02	   6.0959396e-08	   2.8694151e-09	   3.1957810e-10	   1.9485923e-11	   6.8887068e-12	   2.6792985e-13	
   7.0700000e+02	   6.1288794e-08	   2.8954657e-09	   3.2353183e-10	   1.9839603e-11	   7.0143502e-12	   2.7470571e-13	
   7.0800000e+02	   6.1592090e-08	   2.9187052e-09	   3.2698992e-10	   2.0150671e-11	   7.1213654e-12	   2.8044004e-13	
   7.0900000e+02	   6.1795717e-08	   2.9313252e-09	   3.2863820e-10	   2.0296967e-11	   7.1627566e-12	   2.8257729e-13	
   7.1000000e+02	   6.1924263e-08	   2.9359076e-09	   3.2891526e-10	   2.0317723e-11	   7.1556634e-12	   2.8197302e-13	
   7.1100000e+02	   6.2069681e-08	   2.9421566e-09	   3.2945855e-10	   2.0362683e-11	   7.1609068e-12	   2.8180440e-13	
   7.1200000e+02	   6.2303797e-08	   2.9576430e-09	   3.3154251e-10	   2.0548573e-11	   7.2258362e-12	   2.8453357e-13	
   7.1300000e+02	   6.2633453e-08	   2.9830709e-09	   3.3528260e-10	   2.0885866e-11	   7.3551748e-12	   2.9036979e-13	
   7.1400000e+02	   6.3016629e-08	   3.0140014e-09	   3.3993020e-10	   2.1305907e-11	   7.5217445e-12	   2.9786111e-13	
   7.1500000e+02	   6.3408802e-08	   3.0457644e-09	   3.4470400e-10	   2.1737373e-11	   7.6967862e-12	   3.0552563e-13	
   7.1600000e+02	   6.3788444e-08	   3.0761307e-09	   3.4923789e-10	   2.2146906e-11	   7.8660613e-12	   3.1270250e-13	
   7.1700000e+02	   6.4138098e-08	   3.1032560e-09	   3.5322610e-10	   2.2505307e-11	   8.0164949e-12	   3.1880785e-13	
   7.1800000e+02	   6.4425950e-08	   3.1237261e-09	   3.5609153e-10	   2.2757012e-11	   8.1243206e-12	   3.2268427e-13	
   7.1900000e+02	   6.4627206e-08	   3.1348990e-09	   3.5739179e-10	   2.2859443e-11	   8.1711814e-12	   3.2347764e-13	
   7.2000000e+02	   6.4749546e-08	   3.1376614e-09	   3.5729226e-10	   2.2828195e-11	   8.1624494e-12	   3.2162247e-13	
   7.2100000e+02	   6.4822089e-08	   3.1352099e-09	   3.5635226e-10	   2.2716503e-11	   8.1191084e-12	   3.1836519e-13	
   7.2200000e+02	   6.4872056e-08	   3.1304985e-09	   3.5508130e-10	   2.2572851e-11	   8.0607296e-12	   3.1479703e-13	
   7.2300000e+02	   6.4920250e-08	   3.1257402e-09	   3.5385186e-10	   2.2432708e-11	   8.0019880e-12	   3.1164559e-13	
   7.2400000e+02	   6.4978752e-08	   3.1221795e-09	   3.5286387e-10	   2.2315538e-11	   7.9512729e-12	   3.0921689e-13	
   7.2500000e+02	   6.5036149e-08	   3.1185306e-09	   3.5188285e-10	   2.2200266e-11	   7.9007559e-12	   3.0690127e-13	
   7.2600000e+02	   6.5064231e-08	   3.1116943e-09	   3.5036317e-10	   2.2036502e-11	   7.8307966e-12	   3.0344447e-13	
   7.2700000e+02	   6.5062933e-08	   3.1015566e-09	   3.4826443e-10	   2.1820793e-11	   7.7403713e-12	   2.9859998e-13	
   7.2800000e+02	   6.5076079e-08	   3.0926959e-09	   3.4634633e-10	   2.1624493e-11	   7.6582408e-12	   2.9375783e-13	
   7.2900000e+02	   6.5131340e-08	   3.0880334e-09	   3.4509920e-10	   2.1494323e-11	   7.6033208e-12	   2.8987199e-13	
   7.3000000e+02	   6.5187343e-08	   3.0832348e-09	   3.4379982e-10	   2.1364370e-11	   7.5496091e-12	   2.8561715e-13	
   7.3100000e+02	   6.5166350e-08	   3.0702035e-09	   3.4110492e-10	   2.1111484e-11	   7.4483400e-12	   2.7856730e-13	
   7.3200000e+02	   6.5011518e-08	   3.0432040e-09	   3.3609177e-10	   2.0652854e-11	   7.2670357e-12	   2.6726567e-13	
   7.3300000e+02	   6.4694401e-08	   2.9996845e-09	   3.2839943e-10	   1.9959867e-11	   6.9951286e-12	   2.5150320e-13	
   7.3400000e+02	   6.4205188e-08	   2.9391329e-09	   3.1801821e-10	   1.9037180e-11	   6.6353559e-12	   2.3177452e-13	
   7.3500000e+02	   6.3569451e-08	   2.8646032e-09	   3.0551058e-10	   1.7939630e-11	   6.2098580e-12	   2.0945099e-13	
   7.3600000e+02	   6.2854337e-08	   2.7832503e-09	   2.9208408e-10	   1.6777364e-11	   5.7619608e-12	   1.8681153e-13	
   7.3700000e+02	   6.2129764e-08	   2.7023423e-09	   2.7893917e-10	   1.5657717e-11	   5.3335050e-12	   1.6594177e-13	
   7.3800000e+02	   6.1441067e-08	   2.6263276e-09	   2.6677443e-10	   1.4639542e-11	   4.9468593e-12	   1.4783615e-13	
   7.3900000e+02	   6.0839995e-08	   2.5597273e-09	   2.5622421e-10	   1.3768526e-11	   4.6182697e-12	   1.3297971e-13	
   7.4000000e+02	   6.0410003e-08	   2.5097756e-09	   2.4829684e-10	   1.3116869e-11	   4.3734693e-12	   1.2214223e-13	
   7.4100000e+02	   6.0226400e-08	   2.4829957e-09	   2.4390038e-10	   1.2749681e-11	   4.2357232e-12	   1.1601807e-13	
   7.4200000e+02	   6.0313637e-08	   2.4814088e-09	   2.4329748e-10	   1.2683984e-11	   4.2108205e-12	   1.1467897e-13	
   7.4300000e+02	   6.0671538e-08	   2.5050991e-09	   2.4650812e-10	   1.2922845e-11	   4.3001587e-12	   1.1815432e-13	
   7.4400000e+02	   6.1332257e-08	   2.5576991e-09	   2.5416043e-10	   1.3526802e-11	   4.5280570e-12	   1.2763262e-13	
   7.4500000e+02	   6.2371087e-08	   2.6475286e-09	   2.6768367e-10	   1.4632265e-11	   4.9491473e-12	   1.4585156e-13	
   7.4600000e+02	   6.3835220e-08	   2.7805391e-09	   2.8819255e-10	   1.6355869e-11	   5.6115356e-12	   1.7547147e-13	
   7.4700000e+02	   6.5627533e-08	   2.9483770e-09	   3.1453915e-10	   1.8619919e-11	   6.4884367e-12	   2.1586217e-13	
   7.4800000e+02	   6.7486663e-08	   3.1258110e-09	   3.4282179e-10	   2.1099942e-11	   7.4563937e-12	   2.6186897e-13	
   7.4900000e+02	   6.9141989e-08	   3.2857753e-09	   3.6872139e-10	   2.3419952e-11	   8.3696978e-12	   3.0695193e-13	
   7.5000000e+02	   7.0477086e-08	   3.4157710e-09	   3.9012617e-10	   2.5381669e-11	   9.1492824e-12	   3.4720366e-13	
   7.5100000e+02	   7.1529254e-08	   3.5184415e-09	   4.0731015e-10	   2.6990823e-11	   9.7945171e-12	   3.8214564e-13	
   7.5200000e+02	   7.2384642e-08	   3.6015843e-09	   4.2140612e-10	   2.8332340e-11	   1.0336001e-11	   4.1277375e-13	
   7.5300000e+02	   7.3096146e-08	   3.6698278e-09	   4.3305601e-10	   2.9449621e-11	   1.0788211e-11	   4.3929613e-13	
   7.5400000e+02	   7.3672107e-08	   3.7233467e-09	   4.4218565e-10	   3.0322480e-11	   1.1140650e-11	   4.6069828e-13	
   7.5500000e+02	   7.4119813e-08	   3.7625567e-09	   4.4881524e-10	   3.0946477e-11	   1.1390191e-11	   4.7656251e-13	
   7.5600000e+02	   7.4479976e-08	   3.7918687e-09	   4.5371009e-10	   3.1396750e-11	   1.1567113e-11	   4.8852582e-13	
   7.5700000e+02	   7.4809385e-08	   3.8176400e-09	   4.5800173e-10	   3.1787715e-11	   1.1718253e-11	   4.9927540e-13	
   7.5800000e+02	   7.5148947e-08	   3.8445090e-09	   4.6252440e-10	   3.2204493e-11	   1.1878611e-11	   5.1087978e-13	
   7.5900000e+02	   7.5520406e-08	   3.8750012e-09	   4.6773854e-10	   3.2694896e-11	   1.2068039e-11	   5.2455889e-13	
   7.6000000e+02	   7.5933921e-08	   3.9103461e-09	   4.7386878e-10	   3.3282920e-11	   1.2296740e-11	   5.4093800e-13	
   7.6100000e+02	   7.6379444e-08	   3.9494258e-09	   4.8070392e-10	   3.3946769e-11	   1.2555975e-11	   5.5942659e-13	
   7.6200000e+02	   7.6817483e-08	   3.9876755e-09	   4.8739316e-10	   3.4596830e-11	   1.2808771e-11	   5.7763419e-13	
   7.6300000e+02	   7.7194842e-08	   4.0189044e-09	   4.9278030e-10	   3.5110615e-11	   1.3004425e-11	   5.9226742e-13	
   7.6400000e+02	   7.7481153e-08	   4.0395633e-09	   4.9619261e-10	   3.5416333e-11	   1.3113308e-11	   6.0132291e-13	
   7.6500000e+02	   7.7700619e-08	   4.0524856e-09	   4.9813870e-10	   3.5567644e-11	   1.3158031e-11	   6.0610347e-13	
   7.6600000e+02	   7.7922667e-08	   4.0658131e-09	   5.0011603e-10	   3.5723793e-11	   1.3205147e-11	   6.1074441e-13	
   7.6700000e+02	   7.8201970e-08	   4.0859552e-09	   5.0330747e-10	   3.6010835e-11	   1.3307235e-11	   6.1854975e-13	
   7.6800000e+02	   7.8528714e-08	   4.1117402e-09	   5.0749438e-10	   3.6405432e-11	   1.3454447e-11	   6.2889371e-13	
   7.6900000e+02	   7.8843200e-08	   4.1361288e-09	   5.1137118e-10	   3.6767989e-11	   1.3588438e-11	   6.3807868e-13	
   7.7000000e+02	   7.9083821e-08	   4.1518651e-09	   5.1359334e-10	   3.6954481e-11	   1.3649141e-11	   6.4230285e-13	
   7.7100000e+02	   7.9220946e-08	   4.1554833e-09	   5.1352418e-10	   3.6896723e-11	   1.3608314e-11	   6.3981471e-13	
   7.7200000e+02	   7.9271541e-08	   4.1490319e-09	   5.1155627e-10	   3.6636939e-11	   1.3483844e-11	   6.3183560e-13	
   7.7300000e+02	   7.9298605e-08	   4.1399763e-09	   5.0908871e-10	   3.6324668e-11	   1.3338231e-11	   6.2243662e-13	
   7.7400000e+02	   7.9381032e-08	   4.1376321e-09	   5.0786002e-10	   3.6145096e-11	   1.3248657e-11	   6.1660039e-13	
   7.7500000e+02	   7.9553429e-08	   4.1461086e-09	   5.0863968e-10	   3.6180116e-11	   1.3249347e-11	   6.1655049e-13	
   7.7600000e+02	   7.9771128e-08	   4.1602255e-09	   5.1047337e-10	   3.6328709e-11	   1.3298647e-11	   6.1966968e-13	
   7.7700000e+02	   7.9947978e-08	   4.1699459e-09	   5.1150458e-10	   3.6394418e-11	   1.3315344e-11	   6.2081310e-13	
   7.7800000e+02	   8.0031839e-08	   4.1692004e-09	   5.1060722e-10	   3.6258209e-11	   1.3250258e-11	   6.1685039e-13	
   7.7900000e+02	   8.0051746e-08	   4.1613739e-09	   5.0840059e-10	   3.5985346e-11	   1.3130372e-11	   6.0946066e-13	
   7.8000000e+02	   8.0091134e-08	   4.1561596e-09	   5.0667065e-10	   3.5764015e-11	   1.3033356e-11	   6.0352521e-13	
   7.8100000e+02	   8.0198911e-08	   4.1591873e-09	   5.0645804e-10	   3.5703834e-11	   1.3004250e-11	   6.0187078e-13	
   7.8200000e+02	   8.0349329e-08	   4.1673556e-09	   5.0719570e-10	   3.5744895e-11	   1.3017939e-11	   6.0290196e-13	
   7.8300000e+02	   8.0515011e-08	   4.1773553e-09	   5.0827606e-10	   3.5822411e-11	   1.3047276e-11	   6.0489746e-13	
   7.8400000e+02	   8.0727604e-08	   4.1927467e-09	   5.1035421e-10	   3.6003893e-11	   1.3119794e-11	   6.0958125e-13	
   7.8500000e+02	   8.1017219e-08	   4.2169060e-09	   5.1405095e-10	   3.6353291e-11	   1.3261507e-11	   6.1856822e-13	
   7.8600000e+02	   8.1340736e-08	   4.2446804e-09	   5.1841847e-10	   3.6770063e-11	   1.3430410e-11	   6.2916945e-13	
   7.8700000e+02	   8.1622455e-08	   4.2671498e-09	   5.2181728e-10	   3.7081260e-11	   1.3554704e-11	   6.3682194e-13	
   7.8800000e+02	   8.1836243e-08	   4.2812275e-09	   5.2368344e-10	   3.7227162e-11	   1.3609687e-11	   6.3996174e-13	
   7.8900000e+02	   8.2020474e-08	   4.2914135e-09	   5.2485064e-10	   3.7295333e-11	   1.3631822e-11	   6.4092012e-13	
   7.9000000e+02	   8.2236221e-08	   4.3049098e-09	   5.2664994e-10	   3.7426279e-11	   1.3679589e-11	   6.4344308e-13	
   7.9100000e+02	   8.2523477e-08	   4.3264826e-09	   5.2996207e-10	   3.7713794e-11	   1.3792094e-11	   6.5005479e-13	
   7.9200000e+02	   8.2882889e-08	   4.3562964e-09	   5.3481641e-10	   3.8162483e-11	   1.3971368e-11	   6.6091641e-13	
   7.9300000e+02	   8.3286845e-08	   4.3911918e-09	   5.4062562e-10	   3.8712043e-11	   1.4192415e-11	   6.7445408e-13	
   7.9400000e+02	   8.3705321e-08	   4.4277176e-09	   5.4674702e-10	   3.9296346e-11	   1.4427771e-11	   6.8893118e-13	
   7.9500000e+02	   8.4128154e-08	   4.4647711e-09	   5.5297528e-10	   3.9895816e-11	   1.4669364e-11	   7.0386870e-13	
   7.9600000e+02	   8.4568286e-08	   4.5039903e-09	   5.5961720e-10	   4.0545574e-11	   1.4931942e-11	   7.2027666e-13	
   7.9700000e+02	   8.5038835e-08	   4.5470127e-09	   5.6697752e-10	   4.1280269e-11	   1.5230006e-11	   7.3913906e-13	
   7.9800000e+02	   8.5517659e-08	   4.5911994e-09	   5.7455063e-10	   4.2046418e-11	   1.5541018e-11	   7.5896458e-13	
   7.9900000e+02	   8.5924841e-08	   4.6268893e-09	   5.8049806e-10	   4.2644996e-11	   1.5781231e-11	   7.7415694e-13	
   8.0000000e+02	   8.6141804e-08	   4.6397414e-09	   5.8209983e-10	   4.2781025e-11	   1.5826732e-11	   7.7645097e-13	
   8.0100000e+02	   8.6080856e-08	   4.6192485e-09	   5.7738548e-10	   4.2242886e-11	   1.5589233e-11	   7.6005940e-13	
   8.0200000e+02	   8.5758645e-08	   4.5675825e-09	   5.6680294e-10	   4.1082588e-11	   1.5091556e-11	   7.2667274e-13	
   8.0300000e+02	   8.5314759e-08	   4.5015704e-09	   5.5354429e-10	   3.9644868e-11	   1.4478527e-11	   6.8593892e-13	
   8.0400000e+02	   8.4953296e-08	   4.4454873e-09	   5.4215244e-10	   3.8412660e-11	   1.3951349e-11	   6.5094686e-13	
   8.0500000e+02	   8.4828700e-08	   4.4175367e-09	   5.3600437e-10	   3.7740409e-11	   1.3656873e-11	   6.3107252e-13	
   8.0600000e+02	   8.4964553e-08	   4.4204131e-09	   5.3558617e-10	   3.7675509e-11	   1.3614365e-11	   6.2742081e-13	
   8.0700000e+02	   8.5274328e-08	   4.4438730e-09	   5.3899306e-10	   3.8014010e-11	   1.3739252e-11	   6.3447671e-13	
   8.0800000e+02	   8.5639826e-08	   4.4740137e-09	   5.4365596e-10	   3.8483523e-11	   1.3919031e-11	   6.4501086e-13	
   8.0900000e+02	   8.5977337e-08	   4.5010252e-09	   5.4776944e-10	   3.8893007e-11	   1.4074997e-11	   6.5399399e-13	
   8.1000000e+02	   8.6265855e-08	   4.5224631e-09	   5.5088749e-10	   3.9194813e-11	   1.4187570e-11	   6.6016700e-13	
   8.1100000e+02	   8.6537606e-08	   4.5421305e-09	   5.5371435e-10	   3.9462920e-11	   1.4287192e-11	   6.6545112e-13	
   8.1200000e+02	   8.6845033e-08	   4.5662142e-09	   5.5739383e-10	   3.9818628e-11	   1.4423770e-11	   6.7301893e-13	
   8.1300000e+02	   8.7225293e-08	   4.5991275e-09	   5.6274596e-10	   4.0350321e-11	   1.4633798e-11	   6.8522495e-13	
   8.1400000e+02	   8.7691400e-08	   4.6424986e-09	   5.7008631e-10	   4.1094891e-11	   1.4932968e-11	   7.0316385e-13	
   8.1500000e+02	   8.8254655e-08	   4.6978266e-09	   5.7971964e-10	   4.2090169e-11	   1.5337881e-11	   7.2806071e-13	
   8.1600000e+02	   8.8925994e-08	   4.7665383e-09	   5.9193307e-10	   4.3371406e-11	   1.5864058e-11	   7.6105590e-13	
   8.1700000e+02	   8.9670180e-08	   4.8443781e-09	   6.0592422e-10	   4.4852155e-11	   1.6475744e-11	   7.9983504e-13	
   8.1800000e+02	   9.0391761e-08	   4.9197229e-09	   6.1948437e-10	   4.6289902e-11	   1.7071547e-11	   8.3768893e-13	
   8.1900000e+02	   9.1010927e-08	   4.9828445e-09	   6.3076363e-10	   4.7481496e-11	   1.7566571e-11	   8.6900330e-13	
   8.2000000e+02	   9.1535792e-08	   5.0347288e-09	   6.3995020e-10	   4.8448880e-11	   1.7970463e-11	   8.9446971e-13	
   8.2100000e+02	   9.2033398e-08	   5.0835474e-09	   6.4859984e-10	   4.9365036e-11	   1.8356384e-11	   9.1901377e-13	
   8.2200000e+02	   9.2550559e-08	   5.1349752e-09	   6.5778771e-10	   5.0348617e-11	   1.8774644e-11	   9.4598950e-13	
   8.2300000e+02	   9.3076281e-08	   5.1875521e-09	   6.6721584e-10	   5.1363490e-11	   1.9210233e-11	   9.7428088e-13	
   8.2400000e+02	   9.3570805e-08	   5.2362852e-09	   6.7590913e-10	   5.2297390e-11	   1.9616073e-11	   1.0005854e-12	
   8.2500000e+02	   9.4025903e-08	   5.2801871e-09	   6.8368243e-10	   5.3129697e-11	   1.9984156e-11	   1.0243651e-12	
   8.2600000e+02	   9.4469429e-08	   5.3227810e-09	   6.9122804e-10	   5.3940039e-11	   2.0348494e-11	   1.0480084e-12	
   8.2700000e+02	   9.4885252e-08	   5.3619157e-09	   6.9810488e-10	   5.4674221e-11	   2.0684347e-11	   1.0696852e-12	
   8.2800000e+02	   9.5181401e-08	   5.3857742e-09	   7.0196034e-10	   5.5055181e-11	   2.0870500e-11	   1.0807207e-12	
   8.2900000e+02	   9.5300880e-08	   5.3870534e-09	   7.0134377e-10	   5.4912926e-11	   2.0832124e-11	   1.0758020e-12	
   8.3000000e+02	   9.5327818e-08	   5.3764998e-09	   6.9838397e-10	   5.4497210e-11	   2.0675810e-11	   1.0625811e-12	
   8.3100000e+02	   9.5430869e-08	   5.3756462e-09	   6.9734413e-10	   5.4307349e-11	   2.0615977e-11	   1.0563837e-12	
   8.3200000e+02	   9.5716431e-08	   5.3980497e-09	   7.0090315e-10	   5.4656498e-11	   2.0786579e-11	   1.0667675e-12	
   8.3300000e+02	   9.6139043e-08	   5.4378654e-09	   7.0789691e-10	   5.5407810e-11	   2.1127047e-11	   1.0894189e-12	
   8.3400000e+02	   9.6538708e-08	   5.4746424e-09	   7.1427388e-10	   5.6087203e-11	   2.1431107e-11	   1.1096742e-12	
   8.3500000e+02	   9.6782445e-08	   5.4914161e-09	   7.1667913e-10	   5.6303303e-11	   2.1528575e-11	   1.1154857e-12	
   8.3600000e+02	   9.6867296e-08	   5.4878503e-09	   7.1505321e-10	   5.6051192e-11	   2.1416877e-11	   1.1067662e-12	
   8.3700000e+02	   9.6880930e-08	   5.4751711e-09	   7.1162282e-10	   5.5593050e-11	   2.1209390e-11	   1.0916564e-12	
   8.3800000e+02	   9.6909268e-08	   5.4643424e-09	   7.0855580e-10	   5.5182653e-11	   2.1016147e-11	   1.0779868e-12	
   8.3900000e+02	   9.7002409e-08	   5.4617229e-09	   7.0710314e-10	   5.4965049e-11	   2.0900363e-11	   1.0701883e-12	
   8.4000000e+02	   9.7179285e-08	   5.4696974e-09	   7.0773071e-10	   5.4992951e-11	   2.0885599e-11	   1.0698406e-12	
   8.4100000e+02	   9.7422752e-08	   5.4860857e-09	   7.1000891e-10	   5.5214907e-11	   2.0950792e-11	   1.0753603e-12	
   8.4200000e+02	   9.7685150e-08	   5.5048548e-09	   7.1275412e-10	   5.5492162e-11	   2.1037482e-11	   1.0825290e-12	
   8.4300000e+02	   9.7929945e-08	   5.5213963e-09	   7.1506517e-10	   5.5719179e-11	   2.1101507e-11	   1.0881576e-12	
   8.4400000e+02	   9.8166442e-08	   5.5369247e-09	   7.1718709e-10	   5.5924004e-11	   2.1156056e-11	   1.0931343e-12	
   8.4500000e+02	   9.8429325e-08	   5.5558785e-09	   7.1999971e-10	   5.6208694e-11	   2.1246106e-11	   1.1006076e-12	
   8.4600000e+02	   9.8723220e-08	   5.5788796e-09	   7.2363183e-10	   5.6587691e-11	   2.1379122e-11	   1.1110468e-12	
   8.4700000e+02	   9.8986475e-08	   5.5981214e-09	   7.2655148e-10	   5.6881292e-11	   2.1479432e-11	   1.1189652e-12	
   8.4800000e+02	   9.9124605e-08	   5.6016109e-09	   7.2639947e-10	   5.6812774e-11	   2.1429707e-11	   1.1158784e-12	
   8.4900000e+02	   9.9109606e-08	   5.5857923e-09	   7.2247535e-10	   5.6299145e-11	   2.1195133e-11	   1.0992179e-12	
   8.5000000e+02	   9.9031065e-08	   5.5620467e-09	   7.1701783e-10	   5.5601130e-11	   2.0887403e-11	   1.0769391e-12	
   8.5100000e+02	   9.9017411e-08	   5.5466779e-09	   7.1323281e-10	   5.5092753e-11	   2.0666187e-11	   1.0604640e-12	
   8.5200000e+02	   9.9127526e-08	   5.5471427e-09	   7.1258364e-10	   5.4944824e-11	   2.0603969e-11	   1.0549946e-12	
   8.5300000e+02	   9.9331545e-08	   5.5596356e-09	   7.1432010e-10	   5.5070457e-11	   2.0663012e-11	   1.0578757e-12	
   8.5400000e+02	   9.9560629e-08	   5.5754255e-09	   7.1672800e-10	   5.5271246e-11	   2.0757974e-11	   1.0630840e-12	
   8.5500000e+02	   9.9758619e-08	   5.5873943e-09	   7.1841157e-10	   5.5386231e-11	   2.0819490e-11	   1.0657512e-12	
   8.5600000e+02	   9.9903884e-08	   5.5927820e-09	   7.1882835e-10	   5.5353457e-11	   2.0820332e-11	   1.0640068e-12	
   8.5700000e+02	   1.0000028e-07	   5.5920419e-09	   7.1806418e-10	   5.5183698e-11	   2.0764232e-11	   1.0581752e-12	
   8.5800000e+02	   1.0005903e-07	   5.5865598e-09	   7.1638753e-10	   5.4908904e-11	   2.0663982e-11	   1.0492240e-12	
   8.5900000e+02	   1.0008986e-07	   5.5775333e-09	   7.1403069e-10	   5.4556886e-11	   2.0530681e-11	   1.0380013e-12	
   8.6000000e+02	   1.0009857e-07	   5.5656761e-09	   7.1113244e-10	   5.4144760e-11	   2.0370962e-11	   1.0250410e-12	
   8.6100000e+02	   1.0008506e-07	   5.5509648e-09	   7.0768950e-10	   5.3673453e-11	   2.0184659e-11	   1.0104006e-12	
   8.6200000e+02	   1.0004653e-07	   5.5330406e-09	   7.0363388e-10	   5.3136321e-11	   1.9968491e-11	   9.9390957e-13	
   8.6300000e+02	   9.9989112e-08	   5.5126393e-09	   6.9910829e-10	   5.2550076e-11	   1.9729223e-11	   9.7606725e-13	
   8.6400000e+02	   9.9933824e-08	   5.4923342e-09	   6.9460895e-10	   5.1970770e-11	   1.9490497e-11	   9.5850578e-13	
   8.6500000e+02	   9.9905012e-08	   5.4751112e-09	   6.9071078e-10	   5.1462811e-11	   1.9279697e-11	   9.4308795e-13	
   8.6600000e+02	   9.9912331e-08	   5.4621552e-09	   6.8764207e-10	   5.1051363e-11	   1.9107749e-11	   9.3053303e-13	
   8.6700000e+02	   9.9942878e-08	   5.4518988e-09	   6.8510394e-10	   5.0702694e-11	   1.8960770e-11	   9.1986995e-13	
   8.6800000e+02	   9.9968164e-08	   5.4408901e-09	   6.8243869e-10	   5.0343538e-11	   1.8808233e-11	   9.0901424e-13	
   8.6900000e+02	   9.9961705e-08	   5.4259465e-09	   6.7904142e-10	   4.9907007e-11	   1.8622338e-11	   8.9608391e-13	
   8.7000000e+02	   9.9914110e-08	   5.4059856e-09	   6.7470784e-10	   4.9370896e-11	   1.8394157e-11	   8.8047809e-13	
   8.7100000e+02	   9.9833331e-08	   5.3820424e-09	   6.6963629e-10	   4.8757584e-11	   1.8133548e-11	   8.6286010e-13	
   8.7200000e+02	   9.9729713e-08	   5.3554567e-09	   6.6408522e-10	   4.8096414e-11	   1.7853330e-11	   8.4410256e-13	
   8.7300000e+02	   9.9597637e-08	   5.3256632e-09	   6.5795803e-10	   4.7378567e-11	   1.7550357e-11	   8.2404119e-13	
   8.7400000e+02	   9.9418660e-08	   5.2905479e-09	   6.5086678e-10	   4.6563446e-11	   1.7208112e-11	   8.0162840e-13	
   8.7500000e+02	   9.9192849e-08	   5.2501655e-09	   6.4282149e-10	   4.5652112e-11	   1.6827301e-11	   7.7689976e-13	
   8.7600000e+02	   9.8954330e-08	   5.2085964e-09	   6.3457707e-10	   4.4724629e-11	   1.6441461e-11	   7.5199009e-13	
   8.7700000e+02	   9.8736687e-08	   5.1698782e-09	   6.2688445e-10	   4.3861230e-11	   1.6084276e-11	   7.2906327e-13	
   8.7800000e+02	   9.8526921e-08	   5.1326137e-09	   6.1950246e-10	   4.3038866e-11	   1.5746718e-11	   7.0761427e-13	
   8.7900000e+02	   9.8258246e-08	   5.0892103e-09	   6.1107190e-10	   4.2120016e-11	   1.5372654e-11	   6.8425172e-13	
   8.8000000e+02	   9.7841545e-08	   5.0296520e-09	   5.9982147e-10	   4.0928535e-11	   1.4890443e-11	   6.5473934e-13	
   8.8100000e+02	   9.7210474e-08	   4.9467792e-09	   5.8453331e-10	   3.9350050e-11	   1.4254324e-11	   6.1656582e-13	
   8.8200000e+02	   9.6349418e-08	   4.8394698e-09	   5.6510928e-10	   3.7388339e-11	   1.3467324e-11	   5.7028471e-13	
   8.8300000e+02	   9.5285018e-08	   4.7115549e-09	   5.4235447e-10	   3.5139891e-11	   1.2570383e-11	   5.1873700e-13	
   8.8400000e+02	   9.4053546e-08	   4.5680487e-09	   5.1728974e-10	   3.2722239e-11	   1.1612795e-11	   4.6518927e-13	
   8.8500000e+02	   9.2668821e-08	   4.4115992e-09	   4.9052898e-10	   3.0212413e-11	   1.0627245e-11	   4.1185987e-13	
   8.8600000e+02	   9.1115317e-08	   4.2417550e-09	   4.6215274e-10	   2.7634712e-11	   9.6249186e-12	   3.5964248e-13	
   8.8700000e+02	   8.9373908e-08	   4.0576971e-09	   4.3216555e-10	   2.5002729e-11	   8.6121726e-12	   3.0901033e-13	
   8.8800000e+02	   8.7449487e-08	   3.8611025e-09	   4.0096692e-10	   2.2361709e-11	   7.6072339e-12	   2.6090752e-13	
   8.8900000e+02	   8.5370820e-08	   3.6560188e-09	   3.6931537e-10	   1.9783845e-11	   6.6382058e-12	   2.1663807e-13	
   8.9000000e+02	   8.3172236e-08	   3.4468748e-09	   3.3798984e-10	   1.7336986e-11	   5.7307189e-12	   1.7723267e-13	
   8.9100000e+02	   8.0879469e-08	   3.2370212e-09	   3.0755389e-10	   1.5064703e-11	   4.9003213e-12	   1.4311090e-13	
   8.9200000e+02	   7.8511287e-08	   3.0288001e-09	   2.7836267e-10	   1.2987529e-11	   4.1531395e-12	   1.1416753e-13	
   8.9300000e+02	   7.6094834e-08	   2.8248091e-09	   2.5074167e-10	   1.1117155e-11	   3.4913302e-12	   9.0057216e-14	
   8.9400000e+02	   7.3675861e-08	   2.6287201e-09	   2.2510365e-10	   9.4661755e-12	   2.9168868e-12	   7.0400037e-14	
   8.9500000e+02	   7.1310059e-08	   2.4445242e-09	   2.0185288e-10	   8.0432640e-12	   2.4302080e-12	   5.4776556e-14	
   8.9600000e+02	   6.9048092e-08	   2.2752994e-09	   1.8122945e-10	   6.8443916e-12	   2.0272335e-12	   4.2657042e-14	
   8.9700000e+02	   6.6930350e-08	   2.1228704e-09	   1.6328131e-10	   5.8528907e-12	   1.6996947e-12	   3.3432233e-14	
   8.9800000e+02	   6.4989664e-08	   1.9881713e-09	   1.4793261e-10	   5.0457294e-12	   1.4374972e-12	   2.6508561e-14	
   8.9900000e+02	   6.3254369e-08	   1.8716356e-09	   1.3505055e-10	   4.3989187e-12	   1.2306759e-12	   2.1373300e-14	
   9.0000000e+02	   6.1749185e-08	   1.7733936e-09	   1.2448128e-10	   3.8901820e-12	   1.0702982e-12	   1.7613091e-14	
   9.0100000e+02	   6.0494905e-08	   1.6933600e-09	   1.1606728e-10	   3.4999846e-12	   9.4875391e-13	   1.4907844e-14	
   9.0200000e+02	   5.9508345e-08	   1.6313177e-09	   1.0966069e-10	   3.2120184e-12	   8.5984035e-13	   1.3018068e-14	
   9.0300000e+02	   5.8803252e-08	   1.5870413e-09	   1.0513833e-10	   3.0136003e-12	   7.9880986e-13	   1.1772738e-14	
   9.0400000e+02	   5.8390891e-08	   1.5603900e-09	   1.0241225e-10	   2.8958457e-12	   7.6235535e-13	   1.1058606e-14	
   9.0500000e+02	   5.8279635e-08	   1.5513272e-09	   1.0143237e-10	   2.8535261e-12	   7.4851497e-13	   1.0810820e-14	
   9.0600000e+02	   5.8475231e-08	   1.5599672e-09	   1.0219152e-10	   2.8851258e-12	   7.5665566e-13	   1.1008180e-14	
   9.0700000e+02	   5.8983111e-08	   1.5867297e-09	   1.0474165e-10	   2.9935151e-12	   7.8766721e-13	   1.1675850e-14	
   9.0800000e+02	   5.9810487e-08	   1.6324830e-09	   1.0921048e-10	   3.1868630e-12	   8.4426476e-13	   1.2894030e-14	
   9.0900000e+02	   6.0965702e-08	   1.6985281e-09	   1.1580448e-10	   3.4792322e-12	   9.3124293e-13	   1.4810220e-14	
   9.1000000e+02	   6.2455057e-08	   1.7864252e-09	   1.2479697e-10	   3.8907510e-12	   1.0556483e-12	   1.7654923e-14	
   9.1100000e+02	   6.4278262e-08	   1.8976957e-09	   1.3650147e-10	   4.4471677e-12	   1.2267948e-12	   2.1758685e-14	
   9.1200000e+02	   6.6423185e-08	   2.0334112e-09	   1.5122733e-10	   5.1783472e-12	   1.4559550e-12	   2.7565034e-14	
   9.1300000e+02	   6.8862030e-08	   2.1937942e-09	   1.6922879e-10	   6.1160322e-12	   1.7558042e-12	   3.5640033e-14	
   9.1400000e+02	   7.1553445e-08	   2.3781800e-09	   1.9068923e-10	   7.2930695e-12	   2.1403096e-12	   4.6696690e-14	
   9.1500000e+02	   7.4452144e-08	   2.5854976e-09	   2.1576177e-10	   8.7452549e-12	   2.6254192e-12	   6.1642666e-14	
   9.1600000e+02	   7.7517611e-08	   2.8147285e-09	   2.4460791e-10	   1.0512906e-11	   3.2296376e-12	   8.1628005e-14	
   9.1700000e+02	   8.0715353e-08	   3.0649423e-09	   2.7739407e-10	   1.2640545e-11	   3.9740357e-12	   1.0808856e-13	
   9.1800000e+02	   8.4016787e-08	   3.3353648e-09	   3.1430541e-10	   1.5178678e-11	   4.8831213e-12	   1.4284103e-13	
   9.1900000e+02	   8.7402819e-08	   3.6257724e-09	   3.5560529e-10	   1.8188639e-11	   5.9867850e-12	   1.8822369e-13	
   9.2000000e+02	   9.0862323e-08	   3.9363491e-09	   4.0160621e-10	   2.1739619e-11	   7.3191801e-12	   2.4708894e-13	
   9.2100000e+02	   9.4378150e-08	   4.2663111e-09	   4.5244400e-10	   2.5888546e-11	   8.9108341e-12	   3.2244329e-13	
   9.2200000e+02	   9.7911600e-08	   4.6122491e-09	   5.0778486e-10	   3.0650758e-11	   1.0776536e-11	   4.1676058e-13	
   9.2300000e+02	   1.0139925e-07	   4.9674946e-09	   5.6666055e-10	   3.5976134e-11	   1.2904306e-11	   5.3114691e-13	
   9.2400000e+02	   1.0476255e-07	   5.3227905e-09	   6.2751231e-10	   4.1741755e-11	   1.5250390e-11	   6.6468144e-13	
   9.2500000e+02	   1.0792493e-07	   5.6680520e-09	   6.8845808e-10	   4.7769053e-11	   1.7744456e-11	   8.1431763e-13	
   9.2600000e+02	   1.1082984e-07	   5.9946116e-09	   7.4770433e-10	   5.3862864e-11	   2.0304953e-11	   9.7555837e-13	
   9.2700000e+02	   1.1345398e-07	   6.2972505e-09	   8.0398370e-10	   5.9863223e-11	   2.2861498e-11	   1.1438924e-12	
   9.2800000e+02	   1.1581114e-07	   6.5752334e-09	   8.5683700e-10	   6.5686798e-11	   2.5374065e-11	   1.3162903e-12	
   9.2900000e+02	   1.1794114e-07	   6.8313527e-09	   9.0650077e-10	   7.1324834e-11	   2.7833723e-11	   1.4915404e-12	
   9.3000000e+02	   1.1988187e-07	   7.0685080e-09	   9.5325971e-10	   7.6773172e-11	   3.0232830e-11	   1.6682202e-12	
   9.3100000e+02	   1.2163718e-07	   7.2854239e-09	   9.9657529e-10	   8.1928458e-11	   3.2519201e-11	   1.8412562e-12	
   9.3200000e+02	   1.2317841e-07	   7.4768056e-09	   1.0351180e-09	   8.6593152e-11	   3.4598776e-11	   2.0022206e-12	
   9.3300000e+02	   1.2449374e-07	   7.6399810e-09	   1.0681547e-09	   9.0648939e-11	   3.6414040e-11	   2.1456230e-12	
   9.3400000e+02	   1.2562226e-07	   7.7794613e-09	   1.0964976e-09	   9.4174926e-11	   3.7997346e-11	   2.2731776e-12	
   9.3500000e+02	   1.2662163e-07	   7.9024676e-09	   1.1215543e-09	   9.7327788e-11	   3.9416609e-11	   2.3894731e-12	
   9.3600000e+02	   1.2752155e-07	   8.0125278e-09	   1.1439759e-09	   1.0017214e-10	   4.0698601e-11	   2.4958751e-12	
   9.3700000e+02	   1.2832348e-07	   8.1094411e-09	   1.1636510e-09	   1.0268029e-10	   4.1828947e-11	   2.5905790e-12	
   9.3800000e+02	   1.2902539e-07	   8.1926475e-09	   1.1804134e-09	   1.0482124e-10	   4.2792403e-11	   2.6718541e-12	
   9.3900000e+02	   1.2963096e-07	   8.2624486e-09	   1.1942933e-09	   1.0659116e-10	   4.3586451e-11	   2.7390948e-12	
   9.4000000e+02	   1.3014524e-07	   8.3193789e-09	   1.2053786e-09	   1.0799499e-10	   4.4212834e-11	   2.7921058e-12	
   9.4100000e+02	   1.3057433e-07	   8.3641772e-09	   1.2138115e-09	   1.0904665e-10	   4.4677712e-11	   2.8311544e-12	
   9.4200000e+02	   1.3093308e-07	   8.3988945e-09	   1.2200330e-09	   1.0980197e-10	   4.5006953e-11	   2.8583134e-12	
   9.4300000e+02	   1.3125341e-07	   8.4280923e-09	   1.2250467e-09	   1.1039408e-10	   4.5262529e-11	   2.8788948e-12	
   9.4400000e+02	   1.3158066e-07	   8.4583096e-09	   1.2302998e-09	   1.1101723e-10	   4.5534965e-11	   2.9007794e-12	
   9.4500000e+02	   1.3195332e-07	   8.4951211e-09	   1.2370304e-09	   1.1183841e-10	   4.5902271e-11	   2.9307973e-12	
   9.4600000e+02	   1.3238386e-07	   8.5403491e-09	   1.2456480e-09	   1.1291320e-10	   4.6390808e-11	   2.9712640e-12	
   9.4700000e+02	   1.3285767e-07	   8.5918954e-09	   1.2556923e-09	   1.1417955e-10	   4.6972257e-11	   3.0196755e-12	
   9.4800000e+02	   1.3334344e-07	   8.6452262e-09	   1.2661580e-09	   1.1550091e-10	   4.7583474e-11	   3.0704172e-12	
   9.4900000e+02	   1.3380331e-07	   8.6948329e-09	   1.2758161e-09	   1.1670932e-10	   4.8146310e-11	   3.1164980e-12	
   9.5000000e+02	   1.3420198e-07	   8.7355472e-09	   1.2835070e-09	   1.1764546e-10	   4.8586215e-11	   3.1512191e-12	
   9.5100000e+02	   1.3451851e-07	   8.7642830e-09	   1.2885341e-09	   1.1821315e-10	   4.8857805e-11	   3.1704961e-12	
   9.5200000e+02	   1.3476072e-07	   8.7821691e-09	   1.2911446e-09	   1.1844610e-10	   4.8976317e-11	   3.1757030e-12	
   9.5300000e+02	   1.3497341e-07	   8.7957695e-09	   1.2928053e-09	   1.1854599e-10	   4.9035626e-11	   3.1752841e-12	
   9.5400000e+02	   1.3522253e-07	   8.8147630e-09	   1.2956830e-09	   1.1881109e-10	   4.9174953e-11	   3.1817603e-12	
   9.5500000e+02	   1.3555246e-07	   8.8456685e-09	   1.3012385e-09	   1.1944301e-10	   4.9488384e-11	   3.2036233e-12	
   9.5600000e+02	   1.3595697e-07	   8.8875678e-09	   1.3092673e-09	   1.2041470e-10	   4.9962974e-11	   3.2397887e-12	
   9.5700000e+02	   1.3639789e-07	   8.9348484e-09	   1.3185129e-09	   1.2155435e-10	   5.0517977e-11	   3.2830973e-12	
   9.5800000e+02	   1.3684561e-07	   8.9831552e-09	   1.3280003e-09	   1.2272894e-10	   5.1090819e-11	   3.3280186e-12	
   9.5900000e+02	   1.3730056e-07	   9.0325700e-09	   1.3377527e-09	   1.2394328e-10	   5.1683687e-11	   3.3748496e-12	
   9.6000000e+02	   1.3778300e-07	   9.0860979e-09	   1.3484507e-09	   1.2529312e-10	   5.2341532e-11	   3.4277389e-12	
   9.6100000e+02	   1.3830158e-07	   9.1450147e-09	   1.3603817e-09	   1.2681898e-10	   5.3083106e-11	   3.4884397e-12	
   9.6200000e+02	   1.3883424e-07	   9.2060107e-09	   1.3727926e-09	   1.2841580e-10	   5.3858261e-11	   3.5524251e-12	
   9.6300000e+02	   1.3934269e-07	   9.2633455e-09	   1.3843759e-09	   1.2990047e-10	   5.4579815e-11	   3.6117693e-12	
   9.6400000e+02	   1.3979718e-07	   9.3125316e-09	   1.3941046e-09	   1.3112821e-10	   5.5178492e-11	   3.6601365e-12	
   9.6500000e+02	   1.4018463e-07	   9.3515514e-09	   1.4015096e-09	   1.3203187e-10	   5.5621657e-11	   3.6945091e-12	
   9.6600000e+02	   1.4050706e-07	   9.3806496e-09	   1.4066383e-09	   1.3261700e-10	   5.5911270e-11	   3.7150451e-12	
   9.6700000e+02	   1.4078354e-07	   9.4026412e-09	   1.4101289e-09	   1.3297303e-10	   5.6089491e-11	   3.7256254e-12	
   9.6800000e+02	   1.4104875e-07	   9.4226936e-09	   1.4131611e-09	   1.3326652e-10	   5.6235548e-11	   3.7335644e-12	
   9.6900000e+02	   1.4133812e-07	   9.4461029e-09	   1.4169469e-09	   1.3366882e-10	   5.6431249e-11	   3.7464155e-12	
   9.7000000e+02	   1.4166782e-07	   9.4752854e-09	   1.4220403e-09	   1.3425818e-10	   5.6714167e-11	   3.7676372e-12	
   9.7100000e+02	   1.4202266e-07	   9.5079487e-09	   1.4279172e-09	   1.3496004e-10	   5.7049019e-11	   3.7939459e-12	
   9.7200000e+02	   1.4235682e-07	   9.5372081e-09	   1.4330019e-09	   1.3555084e-10	   5.7329350e-11	   3.8154815e-12	
   9.7300000e+02	   1.4260950e-07	   9.5539395e-09	   1.4352078e-09	   1.3573491e-10	   5.7414284e-11	   3.8192247e-12	
   9.7400000e+02	   1.4273350e-07	   9.5510924e-09	   1.4329271e-09	   1.3528525e-10	   5.7195785e-11	   3.7952303e-12	
   9.7500000e+02	   1.4272489e-07	   9.5281676e-09	   1.4260571e-09	   1.3418924e-10	   5.6668287e-11	   3.7430621e-12	
   9.7600000e+02	   1.4262464e-07	   9.4914658e-09	   1.4160573e-09	   1.3265663e-10	   5.5932514e-11	   3.6721398e-12	
   9.7700000e+02	   1.4247938e-07	   9.4481582e-09	   1.4045898e-09	   1.3092662e-10	   5.5103375e-11	   3.5932265e-12	
   9.7800000e+02	   1.4230381e-07	   9.4006148e-09	   1.3922204e-09	   1.2908345e-10	   5.4221910e-11	   3.5102949e-12	
   9.7900000e+02	   1.4208444e-07	   9.3469699e-09	   1.3785483e-09	   1.2707490e-10	   5.3264113e-11	   3.4213427e-12	
   9.8000000e+02	   1.4180341e-07	   9.2847265e-09	   1.3630329e-09	   1.2482972e-10	   5.2197021e-11	   3.3235771e-12	
   9.8100000e+02	   1.4144929e-07	   9.2123887e-09	   1.3453690e-09	   1.2231115e-10	   5.1004284e-11	   3.2157852e-12	
   9.8200000e+02	   1.4101450e-07	   9.1290870e-09	   1.3254031e-09	   1.1950518e-10	   4.9680600e-11	   3.0978275e-12	
   9.8300000e+02	   1.4049250e-07	   9.0341499e-09	   1.3030337e-09	   1.1640621e-10	   4.8224815e-11	   2.9699832e-12	
   9.8400000e+02	   1.3988051e-07	   8.9274712e-09	   1.2782869e-09	   1.1302613e-10	   4.6643965e-11	   2.8332366e-12	
   9.8500000e+02	   1.3918565e-07	   8.8103540e-09	   1.2514942e-09	   1.0941661e-10	   4.4963449e-11	   2.6900707e-12	
   9.8600000e+02	   1.3842588e-07	   8.6856214e-09	   1.2233104e-09	   1.0567047e-10	   4.3227457e-11	   2.5444477e-12	
   9.8700000e+02	   1.3762071e-07	   8.5562735e-09	   1.1944198e-09	   1.0188255e-10	   4.1480763e-11	   2.4002678e-12	
   9.8800000e+02	   1.3678001e-07	   8.4239156e-09	   1.1651975e-09	   9.8105811e-11	   3.9748472e-11	   2.2597055e-12	
   9.8900000e+02	   1.3590235e-07	   8.2885313e-09	   1.1356639e-09	   9.4346274e-11	   3.8033827e-11	   2.1230743e-12	
   9.9000000e+02	   1.3498509e-07	   8.1498665e-09	   1.1057776e-09	   9.0600154e-11	   3.6335232e-11	   1.9902039e-12	
   9.9100000e+02	   1.3404006e-07	   8.0095306e-09	   1.0758673e-09	   8.6906500e-11	   3.4669976e-11	   1.8622558e-12	
   9.9200000e+02	   1.3309900e-07	   7.8716879e-09	   1.0467698e-09	   8.3363116e-11	   3.3081260e-11	   1.7422314e-12	
   9.9300000e+02	   1.3219751e-07	   7.7409341e-09	   1.0193968e-09	   8.0074206e-11	   3.1614690e-11	   1.6332211e-12	
   9.9400000e+02	   1.3134796e-07	   7.6189313e-09	   9.9406996e-10	   7.7073239e-11	   3.0284100e-11	   1.5359617e-12	
   9.9500000e+02	   1.3050412e-07	   7.5015484e-09	   9.7005859e-10	   7.4278444e-11	   2.9052956e-11	   1.4477340e-12	
   9.9600000e+02	   1.2942658e-07	   7.3725054e-09	   9.4493818e-10	   7.1464804e-11	   2.7826699e-11	   1.3626127e-12	
   9.9700000e+02	   1.2712828e-07	   7.1759416e-09	   9.1158008e-10	   6.8090649e-11	   2.6393142e-11	   1.2699507e-12	
   9.9800000e+02	   1.2073432e-07	   6.7567996e-09	   8.5114508e-10	   6.2832343e-11	   2.4250267e-11	   1.1475096e-12	
   9.9900000e+02	   1.0550176e-07	   5.8621021e-09	   7.3324759e-10	   5.3593976e-11	   2.0609281e-11	   9.6144295e-13	
   1.0000000e+03	   7.9192744e-08	   4.3769112e-09	   5.4460845e-10	   3.9511581e-11	   1.5152358e-11	   6.9932798e-13	
