601	0.141500620000000	0.141500620000000	0.141500620000000	0.148100260000000	0.148100260000000	0.141500620000000
602	0.141151330000000	0.141151330000000	0.141151330000000	0.147744130000000	0.147744130000000	0.141151330000000
603	0.141633980000000	0.141633980000000	0.141633980000000	0.148237480000000	0.148237480000000	0.141633980000000
604	0.141272210000000	0.141272210000000	0.141272210000000	0.147860590000000	0.147860590000000	0.141272210000000
605	0.140787460000000	0.140787460000000	0.140787460000000	0.147358260000000	0.147358260000000	0.140787460000000
606	0.140635290000000	0.140635290000000	0.140635290000000	0.147204020000000	0.147204020000000	0.140635290000000
607	0.141103670000000	0.141103670000000	0.141103670000000	0.147670840000000	0.147670840000000	0.141103670000000
608	0.140770470000000	0.140770470000000	0.140770470000000	0.147328770000000	0.147328770000000	0.140770470000000
609	0.140426810000000	0.140426810000000	0.140426810000000	0.146970220000000	0.146970220000000	0.140426810000000
610	0.140586910000000	0.140586910000000	0.140586910000000	0.147139780000000	0.147139780000000	0.140586910000000
611	0.139993170000000	0.139993170000000	0.139993170000000	0.146529190000000	0.146529190000000	0.139993170000000
612	0.139476200000000	0.139476200000000	0.139476200000000	0.146006590000000	0.146006590000000	0.139476200000000
613	0.139674380000000	0.139674380000000	0.139674380000000	0.146199560000000	0.146199560000000	0.139674380000000
614	0.139622160000000	0.139622160000000	0.139622160000000	0.146137510000000	0.146137510000000	0.139622160000000
615	0.140209410000000	0.140209410000000	0.140209410000000	0.146756990000000	0.146756990000000	0.140209410000000
616	0.139591320000000	0.139591320000000	0.139591320000000	0.146117610000000	0.146117610000000	0.139591320000000
617	0.138565330000000	0.138565330000000	0.138565330000000	0.145037400000000	0.145037400000000	0.138565330000000
618	0.139350180000000	0.139350180000000	0.139350180000000	0.145869350000000	0.145869350000000	0.139350180000000
619	0.138614230000000	0.138614230000000	0.138614230000000	0.145091080000000	0.145091080000000	0.138614230000000
620	0.138571980000000	0.138571980000000	0.138571980000000	0.145038230000000	0.145038230000000	0.138571980000000
621	0.139077810000000	0.139077810000000	0.139077810000000	0.145567230000000	0.145567230000000	0.139077810000000
622	0.139102240000000	0.139102240000000	0.139102240000000	0.145593540000000	0.145593540000000	0.139102240000000
623	0.138454350000000	0.138454350000000	0.138454350000000	0.144905870000000	0.144905870000000	0.138454350000000
624	0.138285450000000	0.138285450000000	0.138285450000000	0.144750010000000	0.144750010000000	0.138285450000000
625	0.138399110000000	0.138399110000000	0.138399110000000	0.144839400000000	0.144839400000000	0.138399110000000
626	0.137798480000000	0.137798480000000	0.137798480000000	0.144233630000000	0.144233630000000	0.137798480000000
627	0.138226110000000	0.138226110000000	0.138226110000000	0.144658150000000	0.144658150000000	0.138226110000000
628	0.138429650000000	0.138429650000000	0.138429650000000	0.144863070000000	0.144863070000000	0.138429650000000
629	0.138415110000000	0.138415110000000	0.138415110000000	0.144845270000000	0.144845270000000	0.138415110000000
630	0.137885460000000	0.137885460000000	0.137885460000000	0.144296670000000	0.144296670000000	0.137885460000000
631	0.138184640000000	0.138184640000000	0.138184640000000	0.144602660000000	0.144602660000000	0.138184640000000
632	0.137930080000000	0.137930080000000	0.137930080000000	0.144319210000000	0.144319210000000	0.137930080000000
633	0.138459710000000	0.138459710000000	0.138459710000000	0.144860000000000	0.144860000000000	0.138459710000000
634	0.137694070000000	0.137694070000000	0.137694070000000	0.144054660000000	0.144054660000000	0.137694070000000
635	0.138228920000000	0.138228920000000	0.138228920000000	0.144615380000000	0.144615380000000	0.138228920000000
636	0.137670690000000	0.137670690000000	0.137670690000000	0.144045210000000	0.144045210000000	0.137670690000000
637	0.136791360000000	0.136791360000000	0.136791360000000	0.143157550000000	0.143157550000000	0.136791360000000
638	0.136484750000000	0.136484750000000	0.136484750000000	0.142856950000000	0.142856950000000	0.136484750000000
639	0.136236220000000	0.136236220000000	0.136236220000000	0.142625530000000	0.142625530000000	0.136236220000000
640	0.135759900000000	0.135759900000000	0.135759900000000	0.142106400000000	0.142106400000000	0.135759900000000
641	0.135037070000000	0.135037070000000	0.135037070000000	0.141369920000000	0.141369920000000	0.135037070000000
642	0.135785700000000	0.135785700000000	0.135785700000000	0.142134220000000	0.142134220000000	0.135785700000000
643	0.134180880000000	0.134180880000000	0.134180880000000	0.140485480000000	0.140485480000000	0.134180880000000
644	0.133338990000000	0.133338990000000	0.133338990000000	0.139640580000000	0.139640580000000	0.133338990000000
645	0.134398340000000	0.134398340000000	0.134398340000000	0.140689240000000	0.140689240000000	0.134398340000000
646	0.135234290000000	0.135234290000000	0.135234290000000	0.141577250000000	0.141577250000000	0.135234290000000
647	0.134797630000000	0.134797630000000	0.134797630000000	0.141124220000000	0.141124220000000	0.134797630000000
648	0.134736730000000	0.134736730000000	0.134736730000000	0.141057120000000	0.141057120000000	0.134736730000000
649	0.133961770000000	0.133961770000000	0.133961770000000	0.140255530000000	0.140255530000000	0.133961770000000
650	0.133788590000000	0.133788590000000	0.133788590000000	0.140078800000000	0.140078800000000	0.133788590000000
651	0.133573880000000	0.133573880000000	0.133573880000000	0.139831100000000	0.139831100000000	0.133573880000000
652	0.133284410000000	0.133284410000000	0.133284410000000	0.139554540000000	0.139554540000000	0.133284410000000
653	0.133762760000000	0.133762760000000	0.133762760000000	0.140035270000000	0.140035270000000	0.133762760000000
654	0.133664670000000	0.133664670000000	0.133664670000000	0.139926920000000	0.139926920000000	0.133664670000000
655	0.133488220000000	0.133488220000000	0.133488220000000	0.139749040000000	0.139749040000000	0.133488220000000
656	0.133559950000000	0.133559950000000	0.133559950000000	0.139798690000000	0.139798690000000	0.133559950000000
657	0.133376730000000	0.133376730000000	0.133376730000000	0.139636330000000	0.139636330000000	0.133376730000000
658	0.132508600000000	0.132508600000000	0.132508600000000	0.138740470000000	0.138740470000000	0.132508600000000
659	0.132603760000000	0.132603760000000	0.132603760000000	0.138834840000000	0.138834840000000	0.132603760000000
660	0.132473770000000	0.132473770000000	0.132473770000000	0.138699470000000	0.138699470000000	0.132473770000000
661	0.132263040000000	0.132263040000000	0.132263040000000	0.138496020000000	0.138496020000000	0.132263040000000
662	0.132787470000000	0.132787470000000	0.132787470000000	0.139003610000000	0.139003610000000	0.132787470000000
663	0.132103190000000	0.132103190000000	0.132103190000000	0.138314890000000	0.138314890000000	0.132103190000000
664	0.132081430000000	0.132081430000000	0.132081430000000	0.138308110000000	0.138308110000000	0.132081430000000
665	0.131948840000000	0.131948840000000	0.131948840000000	0.138148400000000	0.138148400000000	0.131948840000000
666	0.132375350000000	0.132375350000000	0.132375350000000	0.138557810000000	0.138557810000000	0.132375350000000
667	0.131858390000000	0.131858390000000	0.131858390000000	0.138043560000000	0.138043560000000	0.131858390000000
668	0.131839210000000	0.131839210000000	0.131839210000000	0.138024590000000	0.138024590000000	0.131839210000000
669	0.131502200000000	0.131502200000000	0.131502200000000	0.137687140000000	0.137687140000000	0.131502200000000
670	0.131308880000000	0.131308880000000	0.131308880000000	0.137492260000000	0.137492260000000	0.131308880000000
671	0.130963500000000	0.130963500000000	0.130963500000000	0.137117090000000	0.137117090000000	0.130963500000000
672	0.131856230000000	0.131856230000000	0.131856230000000	0.138007020000000	0.138007020000000	0.131856230000000
673	0.130774570000000	0.130774570000000	0.130774570000000	0.136916700000000	0.136916700000000	0.130774570000000
674	0.131034740000000	0.131034740000000	0.131034740000000	0.137186400000000	0.137186400000000	0.131034740000000
675	0.131340410000000	0.131340410000000	0.131340410000000	0.137491980000000	0.137491980000000	0.131340410000000
676	0.130497610000000	0.130497610000000	0.130497610000000	0.136622260000000	0.136622260000000	0.130497610000000
677	0.129986540000000	0.129986540000000	0.129986540000000	0.136116530000000	0.136116530000000	0.129986540000000
678	0.131074170000000	0.131074170000000	0.131074170000000	0.137212340000000	0.137212340000000	0.131074170000000
679	0.129957190000000	0.129957190000000	0.129957190000000	0.136040070000000	0.136040070000000	0.129957190000000
680	0.129742050000000	0.129742050000000	0.129742050000000	0.135842130000000	0.135842130000000	0.129742050000000
681	0.129515910000000	0.129515910000000	0.129515910000000	0.135600110000000	0.135600110000000	0.129515910000000
682	0.129592120000000	0.129592120000000	0.129592120000000	0.135670370000000	0.135670370000000	0.129592120000000
683	0.129817930000000	0.129817930000000	0.129817930000000	0.135923890000000	0.135923890000000	0.129817930000000
684	0.129226070000000	0.129226070000000	0.129226070000000	0.135337760000000	0.135337760000000	0.129226070000000
685	0.130490620000000	0.130490620000000	0.130490620000000	0.136593440000000	0.136593440000000	0.130490620000000
686	0.129412570000000	0.129412570000000	0.129412570000000	0.135482980000000	0.135482980000000	0.129412570000000
687	0.128844050000000	0.128844050000000	0.128844050000000	0.134910150000000	0.134910150000000	0.128844050000000
688	0.128792660000000	0.128792660000000	0.128792660000000	0.134821070000000	0.134821070000000	0.128792660000000
689	0.129052420000000	0.129052420000000	0.129052420000000	0.135086970000000	0.135086970000000	0.129052420000000
690	0.127745490000000	0.127745490000000	0.127745490000000	0.133760950000000	0.133760950000000	0.127745490000000
691	0.128872030000000	0.128872030000000	0.128872030000000	0.134905860000000	0.134905860000000	0.128872030000000
692	0.128398410000000	0.128398410000000	0.128398410000000	0.134422930000000	0.134422930000000	0.128398410000000
693	0.127246920000000	0.127246920000000	0.127246920000000	0.133232460000000	0.133232460000000	0.127246920000000
694	0.128699930000000	0.128699930000000	0.128699930000000	0.134723460000000	0.134723460000000	0.128699930000000
695	0.128959390000000	0.128959390000000	0.128959390000000	0.134975480000000	0.134975480000000	0.128959390000000
696	0.127047670000000	0.127047670000000	0.127047670000000	0.133006780000000	0.133006780000000	0.127047670000000
697	0.129167750000000	0.129167750000000	0.129167750000000	0.135164210000000	0.135164210000000	0.129167750000000
698	0.128243000000000	0.128243000000000	0.128243000000000	0.134240790000000	0.134240790000000	0.128243000000000
699	0.127878050000000	0.127878050000000	0.127878050000000	0.133860900000000	0.133860900000000	0.127878050000000
700	0.128768430000000	0.128768430000000	0.128768430000000	0.134777420000000	0.134777420000000	0.128768430000000
701	0.128329080000000	0.128329080000000	0.128329080000000	0.134314050000000	0.134314050000000	0.128329080000000
702	0.128388880000000	0.128388880000000	0.128388880000000	0.134398110000000	0.134398110000000	0.128388880000000
703	0.127459420000000	0.127459420000000	0.127459420000000	0.133434450000000	0.133434450000000	0.127459420000000
704	0.128420030000000	0.128420030000000	0.128420030000000	0.134394380000000	0.134394380000000	0.128420030000000
705	0.127175250000000	0.127175250000000	0.127175250000000	0.133138090000000	0.133138090000000	0.127175250000000
706	0.128121160000000	0.128121160000000	0.128121160000000	0.134072470000000	0.134072470000000	0.128121160000000
707	0.127419260000000	0.127419260000000	0.127419260000000	0.133358360000000	0.133358360000000	0.127419260000000
708	0.127301200000000	0.127301200000000	0.127301200000000	0.133228490000000	0.133228490000000	0.127301200000000
709	0.128115130000000	0.128115130000000	0.128115130000000	0.134067070000000	0.134067070000000	0.128115130000000
710	0.127240640000000	0.127240640000000	0.127240640000000	0.133160610000000	0.133160610000000	0.127240640000000
711	0.126548090000000	0.126548090000000	0.126548090000000	0.132452560000000	0.132452560000000	0.126548090000000
712	0.126927940000000	0.126927940000000	0.126927940000000	0.132842680000000	0.132842680000000	0.126927940000000
713	0.126737760000000	0.126737760000000	0.126737760000000	0.132650080000000	0.132650080000000	0.126737760000000
714	0.126653220000000	0.126653220000000	0.126653220000000	0.132550000000000	0.132550000000000	0.126653220000000
715	0.126493980000000	0.126493980000000	0.126493980000000	0.132365000000000	0.132365000000000	0.126493980000000
716	0.126896180000000	0.126896180000000	0.126896180000000	0.132811180000000	0.132811180000000	0.126896180000000
717	0.126087510000000	0.126087510000000	0.126087510000000	0.131965190000000	0.131965190000000	0.126087510000000
718	0.126801210000000	0.126801210000000	0.126801210000000	0.132710780000000	0.132710780000000	0.126801210000000
719	0.126142100000000	0.126142100000000	0.126142100000000	0.132016950000000	0.132016950000000	0.126142100000000
720	0.126009470000000	0.126009470000000	0.126009470000000	0.131878990000000	0.131878990000000	0.126009470000000
721	0.125817030000000	0.125817030000000	0.125817030000000	0.131687480000000	0.131687480000000	0.125817030000000
722	0.126940190000000	0.126940190000000	0.126940190000000	0.132818530000000	0.132818530000000	0.126940190000000
723	0.126238120000000	0.126238120000000	0.126238120000000	0.132110300000000	0.132110300000000	0.126238120000000
724	0.125971180000000	0.125971180000000	0.125971180000000	0.131814660000000	0.131814660000000	0.125971180000000
725	0.126075270000000	0.126075270000000	0.126075270000000	0.131919820000000	0.131919820000000	0.126075270000000
726	0.125962530000000	0.125962530000000	0.125962530000000	0.131790730000000	0.131790730000000	0.125962530000000
727	0.126421460000000	0.126421460000000	0.126421460000000	0.132266900000000	0.132266900000000	0.126421460000000
728	0.126689420000000	0.126689420000000	0.126689420000000	0.132542270000000	0.132542270000000	0.126689420000000
729	0.127706670000000	0.127706670000000	0.127706670000000	0.133563310000000	0.133563310000000	0.127706670000000
730	0.127372710000000	0.127372710000000	0.127372710000000	0.133205270000000	0.133205270000000	0.127372710000000
731	0.127850990000000	0.127850990000000	0.127850990000000	0.133670110000000	0.133670110000000	0.127850990000000
732	0.128518970000000	0.128518970000000	0.128518970000000	0.134335620000000	0.134335620000000	0.128518970000000
733	0.128043350000000	0.128043350000000	0.128043350000000	0.133829060000000	0.133829060000000	0.128043350000000
734	0.128977810000000	0.128977810000000	0.128977810000000	0.134748930000000	0.134748930000000	0.128977810000000
735	0.129400890000000	0.129400890000000	0.129400890000000	0.135181650000000	0.135181650000000	0.129400890000000
736	0.130466090000000	0.130466090000000	0.130466090000000	0.136248010000000	0.136248010000000	0.130466090000000
737	0.131127310000000	0.131127310000000	0.131127310000000	0.136885550000000	0.136885550000000	0.131127310000000
738	0.132288940000000	0.132288940000000	0.132288940000000	0.138056600000000	0.138056600000000	0.132288940000000
739	0.131817120000000	0.131817120000000	0.131817120000000	0.137540520000000	0.137540520000000	0.131817120000000
740	0.133238420000000	0.133238420000000	0.133238420000000	0.138984190000000	0.138984190000000	0.133238420000000
741	0.134941070000000	0.134941070000000	0.134941070000000	0.140673180000000	0.140673180000000	0.134941070000000
742	0.135249580000000	0.135249580000000	0.135249580000000	0.141008530000000	0.141008530000000	0.135249580000000
743	0.134579670000000	0.134579670000000	0.134579670000000	0.140280360000000	0.140280360000000	0.134579670000000
744	0.135463400000000	0.135463400000000	0.135463400000000	0.141205860000000	0.141205860000000	0.135463400000000
745	0.135608120000000	0.135608120000000	0.135608120000000	0.141327510000000	0.141327510000000	0.135608120000000
746	0.134133570000000	0.134133570000000	0.134133570000000	0.139831950000000	0.139831950000000	0.134133570000000
747	0.130305630000000	0.130305630000000	0.130305630000000	0.135992130000000	0.135992130000000	0.130305630000000
748	0.127857180000000	0.127857180000000	0.127857180000000	0.133556900000000	0.133556900000000	0.127857180000000
749	0.125180390000000	0.125180390000000	0.125180390000000	0.130873350000000	0.130873350000000	0.125180390000000
750	0.123280280000000	0.123280280000000	0.123280280000000	0.128963990000000	0.128963990000000	0.123280280000000
751	0.122932050000000	0.122932050000000	0.122932050000000	0.128625430000000	0.128625430000000	0.122932050000000
752	0.122100080000000	0.122100080000000	0.122100080000000	0.127782830000000	0.127782830000000	0.122100080000000
753	0.122173190000000	0.122173190000000	0.122173190000000	0.127837810000000	0.127837810000000	0.122173190000000
754	0.121989830000000	0.121989830000000	0.121989830000000	0.127670180000000	0.127670180000000	0.121989830000000
755	0.121525480000000	0.121525480000000	0.121525480000000	0.127192460000000	0.127192460000000	0.121525480000000
756	0.122056390000000	0.122056390000000	0.122056390000000	0.127731640000000	0.127731640000000	0.122056390000000
757	0.121626250000000	0.121626250000000	0.121626250000000	0.127316190000000	0.127316190000000	0.121626250000000
758	0.121516650000000	0.121516650000000	0.121516650000000	0.127193320000000	0.127193320000000	0.121516650000000
759	0.121496860000000	0.121496860000000	0.121496860000000	0.127176440000000	0.127176440000000	0.121496860000000
760	0.120502540000000	0.120502540000000	0.120502540000000	0.126160980000000	0.126160980000000	0.120502540000000
761	0.121094340000000	0.121094340000000	0.121094340000000	0.126741160000000	0.126741160000000	0.121094340000000
762	0.120463750000000	0.120463750000000	0.120463750000000	0.126105360000000	0.126105360000000	0.120463750000000
763	0.119769340000000	0.119769340000000	0.119769340000000	0.125388010000000	0.125388010000000	0.119769340000000
764	0.120909280000000	0.120909280000000	0.120909280000000	0.126566910000000	0.126566910000000	0.120909280000000
765	0.119439120000000	0.119439120000000	0.119439120000000	0.125057830000000	0.125057830000000	0.119439120000000
766	0.119931960000000	0.119931960000000	0.119931960000000	0.125553600000000	0.125553600000000	0.119931960000000
767	0.119514670000000	0.119514670000000	0.119514670000000	0.125103180000000	0.125103180000000	0.119514670000000
768	0.120895800000000	0.120895800000000	0.120895800000000	0.126529470000000	0.126529470000000	0.120895800000000
769	0.120231530000000	0.120231530000000	0.120231530000000	0.125841890000000	0.125841890000000	0.120231530000000
770	0.118367340000000	0.118367340000000	0.118367340000000	0.123919990000000	0.123919990000000	0.118367340000000
771	0.118872230000000	0.118872230000000	0.118872230000000	0.124439220000000	0.124439220000000	0.118872230000000
772	0.119107000000000	0.119107000000000	0.119107000000000	0.124676980000000	0.124676980000000	0.119107000000000
773	0.119121180000000	0.119121180000000	0.119121180000000	0.124698600000000	0.124698600000000	0.119121180000000
774	0.118517870000000	0.118517870000000	0.118517870000000	0.124073770000000	0.124073770000000	0.118517870000000
775	0.117969550000000	0.117969550000000	0.117969550000000	0.123511980000000	0.123511980000000	0.117969550000000
776	0.118451760000000	0.118451760000000	0.118451760000000	0.123996250000000	0.123996250000000	0.118451760000000
777	0.117647870000000	0.117647870000000	0.117647870000000	0.123173600000000	0.123173600000000	0.117647870000000
778	0.118389990000000	0.118389990000000	0.118389990000000	0.123944910000000	0.123944910000000	0.118389990000000
779	0.117524610000000	0.117524610000000	0.117524610000000	0.123047610000000	0.123047610000000	0.117524610000000
780	0.118087820000000	0.118087820000000	0.118087820000000	0.123615820000000	0.123615820000000	0.118087820000000
781	0.118465980000000	0.118465980000000	0.118465980000000	0.124014140000000	0.124014140000000	0.118465980000000
782	0.117945350000000	0.117945350000000	0.117945350000000	0.123413450000000	0.123413450000000	0.117945350000000
783	0.119163060000000	0.119163060000000	0.119163060000000	0.124697220000000	0.124697220000000	0.119163060000000
784	0.117050890000000	0.117050890000000	0.117050890000000	0.122528800000000	0.122528800000000	0.117050890000000
785	0.117634000000000	0.117634000000000	0.117634000000000	0.123122660000000	0.123122660000000	0.117634000000000
786	0.118083820000000	0.118083820000000	0.118083820000000	0.123577920000000	0.123577920000000	0.118083820000000
787	0.117610950000000	0.117610950000000	0.117610950000000	0.123118010000000	0.123118010000000	0.117610950000000
788	0.117858020000000	0.117858020000000	0.117858020000000	0.123363690000000	0.123363690000000	0.117858020000000
789	0.117345190000000	0.117345190000000	0.117345190000000	0.122871710000000	0.122871710000000	0.117345190000000
790	0.117032140000000	0.117032140000000	0.117032140000000	0.122532390000000	0.122532390000000	0.117032140000000
791	0.117624540000000	0.117624540000000	0.117624540000000	0.123118960000000	0.123118960000000	0.117624540000000
792	0.115930960000000	0.115930960000000	0.115930960000000	0.121384400000000	0.121384400000000	0.115930960000000
793	0.116636070000000	0.116636070000000	0.116636070000000	0.122086660000000	0.122086660000000	0.116636070000000
794	0.117422090000000	0.117422090000000	0.117422090000000	0.122886580000000	0.122886580000000	0.117422090000000
795	0.117434520000000	0.117434520000000	0.117434520000000	0.122880440000000	0.122880440000000	0.117434520000000
796	0.118147930000000	0.118147930000000	0.118147930000000	0.123600710000000	0.123600710000000	0.118147930000000
797	0.120339480000000	0.120339480000000	0.120339480000000	0.125860050000000	0.125860050000000	0.120339480000000
798	0.119072150000000	0.119072150000000	0.119072150000000	0.124546270000000	0.124546270000000	0.119072150000000
799	0.117301090000000	0.117301090000000	0.117301090000000	0.122766370000000	0.122766370000000	0.117301090000000
800	0.117768750000000	0.117768750000000	0.117768750000000	0.123274480000000	0.123274480000000	0.117768750000000
801	0.117706370000000	0.117706370000000	0.117706370000000	0.123141420000000	0.123141420000000	0.117706370000000
802	0.115332460000000	0.115332460000000	0.115332460000000	0.120696990000000	0.120696990000000	0.115332460000000
803	0.117438610000000	0.117438610000000	0.117438610000000	0.122849970000000	0.122849970000000	0.117438610000000
804	0.118299100000000	0.118299100000000	0.118299100000000	0.123713440000000	0.123713440000000	0.118299100000000
805	0.118147400000000	0.118147400000000	0.118147400000000	0.123507790000000	0.123507790000000	0.118147400000000
806	0.117592670000000	0.117592670000000	0.117592670000000	0.122964980000000	0.122964980000000	0.117592670000000
807	0.119041320000000	0.119041320000000	0.119041320000000	0.124401070000000	0.124401070000000	0.119041320000000
808	0.119557780000000	0.119557780000000	0.119557780000000	0.124978110000000	0.124978110000000	0.119557780000000
809	0.118915390000000	0.118915390000000	0.118915390000000	0.124259760000000	0.124259760000000	0.118915390000000
810	0.117978590000000	0.117978590000000	0.117978590000000	0.123296190000000	0.123296190000000	0.117978590000000
811	0.117422070000000	0.117422070000000	0.117422070000000	0.122754220000000	0.122754220000000	0.117422070000000
812	0.119201520000000	0.119201520000000	0.119201520000000	0.124571620000000	0.124571620000000	0.119201520000000
813	0.117679050000000	0.117679050000000	0.117679050000000	0.123063500000000	0.123063500000000	0.117679050000000
814	0.118152060000000	0.118152060000000	0.118152060000000	0.123471270000000	0.123471270000000	0.118152060000000
815	0.117292260000000	0.117292260000000	0.117292260000000	0.122613420000000	0.122613420000000	0.117292260000000
816	0.116190290000000	0.116190290000000	0.116190290000000	0.121530270000000	0.121530270000000	0.116190290000000
817	0.116736740000000	0.116736740000000	0.116736740000000	0.122049770000000	0.122049770000000	0.116736740000000
818	0.115894530000000	0.115894530000000	0.115894530000000	0.121213470000000	0.121213470000000	0.115894530000000
819	0.114388580000000	0.114388580000000	0.114388580000000	0.119727550000000	0.119727550000000	0.114388580000000
820	0.115014250000000	0.115014250000000	0.115014250000000	0.120327840000000	0.120327840000000	0.115014250000000
821	0.115407750000000	0.115407750000000	0.115407750000000	0.120733820000000	0.120733820000000	0.115407750000000
822	0.114775550000000	0.114775550000000	0.114775550000000	0.120102110000000	0.120102110000000	0.114775550000000
823	0.115263470000000	0.115263470000000	0.115263470000000	0.120592560000000	0.120592560000000	0.115263470000000
824	0.115452050000000	0.115452050000000	0.115452050000000	0.120809320000000	0.120809320000000	0.115452050000000
825	0.114138080000000	0.114138080000000	0.114138080000000	0.119466940000000	0.119466940000000	0.114138080000000
826	0.114314120000000	0.114314120000000	0.114314120000000	0.119651230000000	0.119651230000000	0.114314120000000
827	0.114101350000000	0.114101350000000	0.114101350000000	0.119415400000000	0.119415400000000	0.114101350000000
828	0.114693680000000	0.114693680000000	0.114693680000000	0.120000970000000	0.120000970000000	0.114693680000000
829	0.114306940000000	0.114306940000000	0.114306940000000	0.119603380000000	0.119603380000000	0.114306940000000
830	0.113621630000000	0.113621630000000	0.113621630000000	0.118926120000000	0.118926120000000	0.113621630000000
831	0.113431980000000	0.113431980000000	0.113431980000000	0.118722270000000	0.118722270000000	0.113431980000000
832	0.114681630000000	0.114681630000000	0.114681630000000	0.119998800000000	0.119998800000000	0.114681630000000
833	0.114345640000000	0.114345640000000	0.114345640000000	0.119619570000000	0.119619570000000	0.114345640000000
834	0.114317000000000	0.114317000000000	0.114317000000000	0.119604530000000	0.119604530000000	0.114317000000000
835	0.113600270000000	0.113600270000000	0.113600270000000	0.118848120000000	0.118848120000000	0.113600270000000
836	0.113650340000000	0.113650340000000	0.113650340000000	0.118917540000000	0.118917540000000	0.113650340000000
837	0.114125110000000	0.114125110000000	0.114125110000000	0.119388600000000	0.119388600000000	0.114125110000000
838	0.114796670000000	0.114796670000000	0.114796670000000	0.120103140000000	0.120103140000000	0.114796670000000
839	0.113726590000000	0.113726590000000	0.113726590000000	0.118979200000000	0.118979200000000	0.113726590000000
840	0.114740660000000	0.114740660000000	0.114740660000000	0.120041320000000	0.120041320000000	0.114740660000000
841	0.114614120000000	0.114614120000000	0.114614120000000	0.119858420000000	0.119858420000000	0.114614120000000
842	0.114751880000000	0.114751880000000	0.114751880000000	0.119988070000000	0.119988070000000	0.114751880000000
843	0.115728850000000	0.115728850000000	0.115728850000000	0.120993280000000	0.120993280000000	0.115728850000000
844	0.116338530000000	0.116338530000000	0.116338530000000	0.121616190000000	0.121616190000000	0.116338530000000
845	0.116947730000000	0.116947730000000	0.116947730000000	0.122195700000000	0.122195700000000	0.116947730000000
846	0.115583260000000	0.115583260000000	0.115583260000000	0.120808700000000	0.120808700000000	0.115583260000000
847	0.115368900000000	0.115368900000000	0.115368900000000	0.120540510000000	0.120540510000000	0.115368900000000
848	0.115717330000000	0.115717330000000	0.115717330000000	0.120959220000000	0.120959220000000	0.115717330000000
849	0.116978580000000	0.116978580000000	0.116978580000000	0.122168330000000	0.122168330000000	0.116978580000000
850	0.115798600000000	0.115798600000000	0.115798600000000	0.120983400000000	0.120983400000000	0.115798600000000
851	0.118271420000000	0.118271420000000	0.118271420000000	0.123501580000000	0.123501580000000	0.118271420000000
852	0.116126690000000	0.116126690000000	0.116126690000000	0.121319260000000	0.121319260000000	0.116126690000000
853	0.116393570000000	0.116393570000000	0.116393570000000	0.121610920000000	0.121610920000000	0.116393570000000
854	0.117595170000000	0.117595170000000	0.117595170000000	0.122808110000000	0.122808110000000	0.117595170000000
855	0.118696830000000	0.118696830000000	0.118696830000000	0.123930270000000	0.123930270000000	0.118696830000000
856	0.117584450000000	0.117584450000000	0.117584450000000	0.122773920000000	0.122773920000000	0.117584450000000
857	0.114751190000000	0.114751190000000	0.114751190000000	0.119895420000000	0.119895420000000	0.114751190000000
858	0.115616120000000	0.115616120000000	0.115616120000000	0.120735440000000	0.120735440000000	0.115616120000000
859	0.115859450000000	0.115859450000000	0.115859450000000	0.120992160000000	0.120992160000000	0.115859450000000
860	0.114817500000000	0.114817500000000	0.114817500000000	0.119960890000000	0.119960890000000	0.114817500000000
861	0.115241230000000	0.115241230000000	0.115241230000000	0.120374870000000	0.120374870000000	0.115241230000000
862	0.114336340000000	0.114336340000000	0.114336340000000	0.119489330000000	0.119489330000000	0.114336340000000
863	0.113817860000000	0.113817860000000	0.113817860000000	0.118944110000000	0.118944110000000	0.113817860000000
864	0.113156480000000	0.113156480000000	0.113156480000000	0.118293270000000	0.118293270000000	0.113156480000000
865	0.114157740000000	0.114157740000000	0.114157740000000	0.119293890000000	0.119293890000000	0.114157740000000
866	0.114749000000000	0.114749000000000	0.114749000000000	0.119855370000000	0.119855370000000	0.114749000000000
867	0.114573890000000	0.114573890000000	0.114573890000000	0.119646640000000	0.119646640000000	0.114573890000000
868	0.114685880000000	0.114685880000000	0.114685880000000	0.119765790000000	0.119765790000000	0.114685880000000
869	0.114340180000000	0.114340180000000	0.114340180000000	0.119426140000000	0.119426140000000	0.114340180000000
870	0.115838570000000	0.115838570000000	0.115838570000000	0.120889970000000	0.120889970000000	0.115838570000000
871	0.116424770000000	0.116424770000000	0.116424770000000	0.121519120000000	0.121519120000000	0.116424770000000
872	0.115392650000000	0.115392650000000	0.115392650000000	0.120465070000000	0.120465070000000	0.115392650000000
873	0.117486860000000	0.117486860000000	0.117486860000000	0.122596710000000	0.122596710000000	0.117486860000000
874	0.117296170000000	0.117296170000000	0.117296170000000	0.122370410000000	0.122370410000000	0.117296170000000
875	0.118924340000000	0.118924340000000	0.118924340000000	0.123965800000000	0.123965800000000	0.118924340000000
876	0.119814900000000	0.119814900000000	0.119814900000000	0.124860150000000	0.124860150000000	0.119814900000000
877	0.121999720000000	0.121999720000000	0.121999720000000	0.127147700000000	0.127147700000000	0.121999720000000
878	0.124295400000000	0.124295400000000	0.124295400000000	0.129338730000000	0.129338730000000	0.124295400000000
879	0.124362090000000	0.124362090000000	0.124362090000000	0.129398700000000	0.129398700000000	0.124362090000000
880	0.123527830000000	0.123527830000000	0.123527830000000	0.128575290000000	0.128575290000000	0.123527830000000
881	0.122884860000000	0.122884860000000	0.122884860000000	0.127919030000000	0.127919030000000	0.122884860000000
882	0.122437230000000	0.122437230000000	0.122437230000000	0.127469060000000	0.127469060000000	0.122437230000000
883	0.121325760000000	0.121325760000000	0.121325760000000	0.126380270000000	0.126380270000000	0.121325760000000
884	0.120131940000000	0.120131940000000	0.120131940000000	0.125162280000000	0.125162280000000	0.120131940000000
885	0.120000280000000	0.120000280000000	0.120000280000000	0.125040010000000	0.125040010000000	0.120000280000000
886	0.121230910000000	0.121230910000000	0.121230910000000	0.126284850000000	0.126284850000000	0.121230910000000
887	0.120877320000000	0.120877320000000	0.120877320000000	0.125908530000000	0.125908530000000	0.120877320000000
888	0.121101430000000	0.121101430000000	0.121101430000000	0.126156800000000	0.126156800000000	0.121101430000000
889	0.121690630000000	0.121690630000000	0.121690630000000	0.126680570000000	0.126680570000000	0.121690630000000
890	0.124454730000000	0.124454730000000	0.124454730000000	0.129483620000000	0.129483620000000	0.124454730000000
891	0.125967320000000	0.125967320000000	0.125967320000000	0.130945250000000	0.130945250000000	0.125967320000000
892	0.127934480000000	0.127934480000000	0.127934480000000	0.132922890000000	0.132922890000000	0.127934480000000
893	0.131199170000000	0.131199170000000	0.131199170000000	0.136174540000000	0.136174540000000	0.131199170000000
894	0.136991000000000	0.136991000000000	0.136991000000000	0.142003320000000	0.142003320000000	0.136991000000000
895	0.139144340000000	0.139144340000000	0.139144340000000	0.144096680000000	0.144096680000000	0.139144340000000
896	0.143481230000000	0.143481230000000	0.143481230000000	0.148456210000000	0.148456210000000	0.143481230000000
897	0.149323070000000	0.149323070000000	0.149323070000000	0.154331150000000	0.154331150000000	0.149323070000000
898	0.153240770000000	0.153240770000000	0.153240770000000	0.158200140000000	0.158200140000000	0.153240770000000
899	0.159063410000000	0.159063410000000	0.159063410000000	0.163992460000000	0.163992460000000	0.159063410000000
900	0.165216650000000	0.165216650000000	0.165216650000000	0.170200220000000	0.170200220000000	0.165216650000000
901	0.171896280000000	0.171896280000000	0.171896280000000	0.176816800000000	0.176816800000000	0.171896280000000
902	0.182163320000000	0.182163320000000	0.182163320000000	0.187163290000000	0.187163290000000	0.182163320000000
903	0.192218610000000	0.192218610000000	0.192218610000000	0.197137140000000	0.197137140000000	0.192218610000000
904	0.204865360000000	0.204865360000000	0.204865360000000	0.209822450000000	0.209822450000000	0.204865360000000
905	0.219312620000000	0.219312620000000	0.219312620000000	0.224274770000000	0.224274770000000	0.219312620000000
906	0.230342550000000	0.230342550000000	0.230342550000000	0.235262540000000	0.235262540000000	0.230342550000000
907	0.246408450000000	0.246408450000000	0.246408450000000	0.251323470000000	0.251323470000000	0.246408450000000
908	0.262750190000000	0.262750190000000	0.262750190000000	0.267636870000000	0.267636870000000	0.262750190000000
909	0.272503280000000	0.272503280000000	0.272503280000000	0.277367110000000	0.277367110000000	0.272503280000000
910	0.266205870000000	0.266205870000000	0.266205870000000	0.271130100000000	0.271130100000000	0.266205870000000
911	0.238384600000000	0.238384600000000	0.238384600000000	0.243339530000000	0.243339530000000	0.238384600000000
912	0.207578310000000	0.207578310000000	0.207578310000000	0.212493660000000	0.212493660000000	0.207578310000000
913	0.179316480000000	0.179316480000000	0.179316480000000	0.184240320000000	0.184240320000000	0.179316480000000
914	0.161715200000000	0.161715200000000	0.161715200000000	0.166621350000000	0.166621350000000	0.161715200000000
915	0.153690210000000	0.153690210000000	0.153690210000000	0.158583230000000	0.158583230000000	0.153690210000000
916	0.151022940000000	0.151022940000000	0.151022940000000	0.155934560000000	0.155934560000000	0.151022940000000
917	0.147910080000000	0.147910080000000	0.147910080000000	0.152778510000000	0.152778510000000	0.147910080000000
918	0.145501660000000	0.145501660000000	0.145501660000000	0.150373760000000	0.150373760000000	0.145501660000000
919	0.141404450000000	0.141404450000000	0.141404450000000	0.146280840000000	0.146280840000000	0.141404450000000
920	0.136500530000000	0.136500530000000	0.136500530000000	0.141382040000000	0.141382040000000	0.136500530000000
921	0.130896140000000	0.130896140000000	0.130896140000000	0.135771630000000	0.135771630000000	0.130896140000000
922	0.124866630000000	0.124866630000000	0.124866630000000	0.129734450000000	0.129734450000000	0.124866630000000
923	0.121179460000000	0.121179460000000	0.121179460000000	0.126038880000000	0.126038880000000	0.121179460000000
924	0.116756930000000	0.116756930000000	0.116756930000000	0.121637080000000	0.121637080000000	0.116756930000000
925	0.114870780000000	0.114870780000000	0.114870780000000	0.119736590000000	0.119736590000000	0.114870780000000
926	0.111241010000000	0.111241010000000	0.111241010000000	0.116064320000000	0.116064320000000	0.111241010000000
927	0.108997420000000	0.108997420000000	0.108997420000000	0.113834690000000	0.113834690000000	0.108997420000000
928	0.108606220000000	0.108606220000000	0.108606220000000	0.113450080000000	0.113450080000000	0.108606220000000
929	0.108078630000000	0.108078630000000	0.108078630000000	0.112924680000000	0.112924680000000	0.108078630000000
930	0.107481020000000	0.107481020000000	0.107481020000000	0.112295450000000	0.112295450000000	0.107481020000000
931	0.107965530000000	0.107965530000000	0.107965530000000	0.112766590000000	0.112766590000000	0.107965530000000
932	0.106408350000000	0.106408350000000	0.106408350000000	0.111216890000000	0.111216890000000	0.106408350000000
933	0.107032480000000	0.107032480000000	0.107032480000000	0.111908060000000	0.111908060000000	0.107032480000000
934	0.105994820000000	0.105994820000000	0.105994820000000	0.110805880000000	0.110805880000000	0.105994820000000
935	0.105612580000000	0.105612580000000	0.105612580000000	0.110399220000000	0.110399220000000	0.105612580000000
936	0.103732490000000	0.103732490000000	0.103732490000000	0.108467510000000	0.108467510000000	0.103732490000000
937	0.104348360000000	0.104348360000000	0.104348360000000	0.109123120000000	0.109123120000000	0.104348360000000
938	0.105426860000000	0.105426860000000	0.105426860000000	0.110231640000000	0.110231640000000	0.105426860000000
939	0.104887870000000	0.104887870000000	0.104887870000000	0.109692770000000	0.109692770000000	0.104887870000000
940	0.106496540000000	0.106496540000000	0.106496540000000	0.111297050000000	0.111297050000000	0.106496540000000
941	0.105340960000000	0.105340960000000	0.105340960000000	0.110133350000000	0.110133350000000	0.105340960000000
942	0.105453730000000	0.105453730000000	0.105453730000000	0.110231400000000	0.110231400000000	0.105453730000000
943	0.105674670000000	0.105674670000000	0.105674670000000	0.110437940000000	0.110437940000000	0.105674670000000
944	0.103628290000000	0.103628290000000	0.103628290000000	0.108408240000000	0.108408240000000	0.103628290000000
945	0.105399670000000	0.105399670000000	0.105399670000000	0.110187430000000	0.110187430000000	0.105399670000000
946	0.105007660000000	0.105007660000000	0.105007660000000	0.109751890000000	0.109751890000000	0.105007660000000
947	0.102807740000000	0.102807740000000	0.102807740000000	0.107527120000000	0.107527120000000	0.102807740000000
948	0.105530930000000	0.105530930000000	0.105530930000000	0.110294830000000	0.110294830000000	0.105530930000000
949	0.104499380000000	0.104499380000000	0.104499380000000	0.109195760000000	0.109195760000000	0.104499380000000
950	0.105494910000000	0.105494910000000	0.105494910000000	0.110260830000000	0.110260830000000	0.105494910000000
951	0.105619550000000	0.105619550000000	0.105619550000000	0.110364210000000	0.110364210000000	0.105619550000000
952	0.104639220000000	0.104639220000000	0.104639220000000	0.109357540000000	0.109357540000000	0.104639220000000
953	0.104030170000000	0.104030170000000	0.104030170000000	0.108756770000000	0.108756770000000	0.104030170000000
954	0.104382680000000	0.104382680000000	0.104382680000000	0.109079090000000	0.109079090000000	0.104382680000000
955	0.103052700000000	0.103052700000000	0.103052700000000	0.107731710000000	0.107731710000000	0.103052700000000
956	0.105131940000000	0.105131940000000	0.105131940000000	0.109849660000000	0.109849660000000	0.105131940000000
957	0.103795080000000	0.103795080000000	0.103795080000000	0.108504630000000	0.108504630000000	0.103795080000000
958	0.105218240000000	0.105218240000000	0.105218240000000	0.109967430000000	0.109967430000000	0.105218240000000
959	0.103303220000000	0.103303220000000	0.103303220000000	0.107957900000000	0.107957900000000	0.103303220000000
960	0.103247190000000	0.103247190000000	0.103247190000000	0.107954020000000	0.107954020000000	0.103247190000000
961	0.103155000000000	0.103155000000000	0.103155000000000	0.107917700000000	0.107917700000000	0.103155000000000
962	0.103128090000000	0.103128090000000	0.103128090000000	0.107758690000000	0.107758690000000	0.103128090000000
963	0.103529990000000	0.103529990000000	0.103529990000000	0.108242430000000	0.108242430000000	0.103529990000000
964	0.103266690000000	0.103266690000000	0.103266690000000	0.107949740000000	0.107949740000000	0.103266690000000
965	0.101315210000000	0.101315210000000	0.101315210000000	0.105970840000000	0.105970840000000	0.101315210000000
966	0.101729930000000	0.101729930000000	0.101729930000000	0.106437800000000	0.106437800000000	0.101729930000000
967	0.102497930000000	0.102497930000000	0.102497930000000	0.107216300000000	0.107216300000000	0.102497930000000
968	0.100928020000000	0.100928020000000	0.100928020000000	0.105583720000000	0.105583720000000	0.100928020000000
969	0.101713880000000	0.101713880000000	0.101713880000000	0.106414800000000	0.106414800000000	0.101713880000000
970	0.103565790000000	0.103565790000000	0.103565790000000	0.108305890000000	0.108305890000000	0.103565790000000
971	0.102557600000000	0.102557600000000	0.102557600000000	0.107209920000000	0.107209920000000	0.102557600000000
972	0.0999534600000000	0.0999534600000000	0.0999534600000000	0.104596870000000	0.104596870000000	0.0999534600000000
973	0.101458230000000	0.101458230000000	0.101458230000000	0.106117780000000	0.106117780000000	0.101458230000000
974	0.100664470000000	0.100664470000000	0.100664470000000	0.105253550000000	0.105253550000000	0.100664470000000
975	0.0996474700000000	0.0996474700000000	0.0996474700000000	0.104237080000000	0.104237080000000	0.0996474700000000
976	0.102647060000000	0.102647060000000	0.102647060000000	0.107285610000000	0.107285610000000	0.102647060000000
977	0.100861500000000	0.100861500000000	0.100861500000000	0.105423970000000	0.105423970000000	0.100861500000000
978	0.101931120000000	0.101931120000000	0.101931120000000	0.106555280000000	0.106555280000000	0.101931120000000
979	0.101047530000000	0.101047530000000	0.101047530000000	0.105627820000000	0.105627820000000	0.101047530000000
980	0.101634930000000	0.101634930000000	0.101634930000000	0.106256870000000	0.106256870000000	0.101634930000000
981	0.101943340000000	0.101943340000000	0.101943340000000	0.106551870000000	0.106551870000000	0.101943340000000
982	0.100920990000000	0.100920990000000	0.100920990000000	0.105490420000000	0.105490420000000	0.100920990000000
983	0.102363220000000	0.102363220000000	0.102363220000000	0.106967350000000	0.106967350000000	0.102363220000000
984	0.103255070000000	0.103255070000000	0.103255070000000	0.107821440000000	0.107821440000000	0.103255070000000
985	0.103153440000000	0.103153440000000	0.103153440000000	0.107695090000000	0.107695090000000	0.103153440000000
986	0.102434870000000	0.102434870000000	0.102434870000000	0.107032860000000	0.107032860000000	0.102434870000000
987	0.106763920000000	0.106763920000000	0.106763920000000	0.111337820000000	0.111337820000000	0.106763920000000
988	0.107483580000000	0.107483580000000	0.107483580000000	0.112042250000000	0.112042250000000	0.107483580000000
989	0.108626040000000	0.108626040000000	0.108626040000000	0.113179020000000	0.113179020000000	0.108626040000000
990	0.107909830000000	0.107909830000000	0.107909830000000	0.112533580000000	0.112533580000000	0.107909830000000
991	0.108370520000000	0.108370520000000	0.108370520000000	0.112882960000000	0.112882960000000	0.108370520000000
992	0.113677520000000	0.113677520000000	0.113677520000000	0.118297500000000	0.118297500000000	0.113677520000000
993	0.113220480000000	0.113220480000000	0.113220480000000	0.117797310000000	0.117797310000000	0.113220480000000
994	0.112709660000000	0.112709660000000	0.112709660000000	0.117267990000000	0.117267990000000	0.112709660000000
995	0.112693910000000	0.112693910000000	0.112693910000000	0.117219620000000	0.117219620000000	0.112693910000000
996	0.113114430000000	0.113114430000000	0.113114430000000	0.117625920000000	0.117625920000000	0.113114430000000
997	0.114860080000000	0.114860080000000	0.114860080000000	0.119348770000000	0.119348770000000	0.114860080000000
998	0.115262680000000	0.115262680000000	0.115262680000000	0.119768500000000	0.119768500000000	0.115262680000000
999	0.117305760000000	0.117305760000000	0.117305760000000	0.121812320000000	0.121812320000000	0.117305760000000
1000	0.115102580000000	0.115102580000000	0.115102580000000	0.119510530000000	0.119510530000000	0.115102580000000