600	19.9500000000000	25.0300000000000	32	32.3800000000000	37.9300000000000	62.7100000000000
602	19.8000000000000	24.8900000000000	31.7900000000000	32.1200000000000	37.6100000000000	62.0600000000000
604	19.6700000000000	24.7000000000000	31.5500000000000	31.8800000000000	37.3800000000000	61.7200000000000
606	19.5200000000000	24.5100000000000	31.3100000000000	31.6200000000000	37.1000000000000	61.1300000000000
608	19.4000000000000	24.3300000000000	31.1100000000000	31.3800000000000	36.8200000000000	60.7200000000000
610	19.2800000000000	24.1500000000000	30.9100000000000	31.1700000000000	36.5200000000000	60.1300000000000
612	19.1400000000000	23.9700000000000	30.6300000000000	30.9800000000000	36.2600000000000	59.6400000000000
614	18.9800000000000	23.8000000000000	30.4100000000000	30.6700000000000	35.9000000000000	59.1100000000000
616	18.8800000000000	23.6600000000000	30.2300000000000	30.5100000000000	35.7300000000000	58.7000000000000
618	18.7300000000000	23.5100000000000	29.9900000000000	30.2700000000000	35.4100000000000	58.1800000000000
620	18.6100000000000	23.3300000000000	29.7200000000000	30.0500000000000	35.1900000000000	57.8500000000000
622	18.4800000000000	23.1900000000000	29.5800000000000	29.8500000000000	34.9400000000000	57.4600000000000
624	18.3600000000000	23.0400000000000	29.3900000000000	29.6200000000000	34.7400000000000	57.0500000000000
626	18.2400000000000	22.8400000000000	29.1600000000000	29.4100000000000	34.4200000000000	56.6400000000000
628	18.1300000000000	22.7000000000000	28.9600000000000	29.2300000000000	34.2000000000000	56.2100000000000
630	18.0100000000000	22.5400000000000	28.7500000000000	28.9900000000000	33.9800000000000	55.7000000000000
632	17.8800000000000	22.4100000000000	28.5800000000000	28.7900000000000	33.7200000000000	55.4400000000000
634	17.7500000000000	22.2400000000000	28.3600000000000	28.5400000000000	33.4700000000000	54.9800000000000
636	17.6500000000000	22.1300000000000	28.2000000000000	28.3800000000000	33.2800000000000	54.6300000000000
638	17.5400000000000	21.9900000000000	28.0300000000000	28.1900000000000	32.9700000000000	54.2400000000000
640	17.4300000000000	21.8300000000000	27.8200000000000	28.0100000000000	32.8100000000000	53.9300000000000
642	17.3000000000000	21.6800000000000	27.6200000000000	27.8500000000000	32.5700000000000	53.5300000000000
644	17.2000000000000	21.5800000000000	27.4200000000000	27.6300000000000	32.3700000000000	53.2100000000000
646	17.1000000000000	21.3900000000000	27.2300000000000	27.4400000000000	32.1300000000000	52.8100000000000
648	16.9900000000000	21.2600000000000	27.0500000000000	27.2600000000000	31.8700000000000	52.5000000000000
650	16.8800000000000	21.1000000000000	26.8600000000000	27.0800000000000	31.7000000000000	52.0400000000000
652	16.8000000000000	21	26.7000000000000	26.8900000000000	31.5300000000000	51.8500000000000
654	16.7000000000000	20.9000000000000	26.5600000000000	26.6800000000000	31.2900000000000	51.5600000000000
656	16.5800000000000	20.7700000000000	26.3500000000000	26.5100000000000	31.1000000000000	51.1200000000000
658	16.4800000000000	20.6100000000000	26.1600000000000	26.3400000000000	30.8700000000000	50.7400000000000
660	16.3900000000000	20.5000000000000	26.0400000000000	26.1400000000000	30.6400000000000	50.4500000000000
662	16.3100000000000	20.4100000000000	25.9100000000000	25.9700000000000	30.4900000000000	50.1100000000000
664	16.2100000000000	20.2600000000000	25.7400000000000	25.8000000000000	30.2700000000000	49.7200000000000
666	16.1200000000000	20.1300000000000	25.5800000000000	25.6400000000000	30.0800000000000	49.4400000000000
668	16	20	25.4300000000000	25.4800000000000	29.9200000000000	49.1100000000000
670	15.9200000000000	19.8900000000000	25.2900000000000	25.3300000000000	29.7100000000000	48.8600000000000
672	15.8300000000000	19.7700000000000	25.1400000000000	25.2000000000000	29.5200000000000	48.5400000000000
674	15.7500000000000	19.6700000000000	24.9300000000000	25.0600000000000	29.3200000000000	48.2100000000000
676	15.6600000000000	19.5400000000000	24.7500000000000	24.9200000000000	29.1400000000000	47.7700000000000
678	15.5600000000000	19.4100000000000	24.6300000000000	24.7700000000000	28.9700000000000	47.4900000000000
680	15.4600000000000	19.2900000000000	24.4600000000000	24.6200000000000	28.7300000000000	47.2200000000000
682	15.3600000000000	19.2000000000000	24.3600000000000	24.4500000000000	28.5800000000000	46.8800000000000
684	15.2900000000000	19.0900000000000	24.2100000000000	24.3000000000000	28.4100000000000	46.7400000000000
686	15.1900000000000	18.9600000000000	24.0800000000000	24.1500000000000	28.2000000000000	46.3600000000000
688	15.1200000000000	18.8900000000000	23.9400000000000	24.0200000000000	28.0500000000000	46.2100000000000
690	15.0500000000000	18.7600000000000	23.8100000000000	23.8500000000000	27.8900000000000	45.9400000000000
692	14.9800000000000	18.6300000000000	23.6600000000000	23.6700000000000	27.6900000000000	45.5100000000000
694	14.9100000000000	18.5600000000000	23.5400000000000	23.5700000000000	27.5500000000000	45.2200000000000
696	14.8000000000000	18.4000000000000	23.3700000000000	23.4400000000000	27.4100000000000	44.8600000000000
698	14.7300000000000	18.3400000000000	23.2300000000000	23.2900000000000	27.2300000000000	44.5900000000000
700	14.6500000000000	18.2400000000000	23.1000000000000	23.1100000000000	27.0500000000000	44.3600000000000
702	14.5500000000000	18.1300000000000	22.9900000000000	22.9700000000000	26.8700000000000	44.0900000000000
704	14.4800000000000	18.0200000000000	22.8800000000000	22.8600000000000	26.7600000000000	43.8200000000000
706	14.4000000000000	17.9000000000000	22.6800000000000	22.6700000000000	26.5700000000000	43.6000000000000
708	14.3000000000000	17.8100000000000	22.5800000000000	22.5700000000000	26.4400000000000	43.3600000000000
710	14.2500000000000	17.7500000000000	22.4500000000000	22.4500000000000	26.2800000000000	43
712	14.1600000000000	17.6300000000000	22.3000000000000	22.2800000000000	26.0700000000000	42.6300000000000
714	14.1000000000000	17.5100000000000	22.1900000000000	22.1600000000000	25.9000000000000	42.3500000000000
716	14.0500000000000	17.4500000000000	22.0700000000000	22.0400000000000	25.8100000000000	42.2600000000000
718	13.9400000000000	17.3500000000000	21.9400000000000	21.9000000000000	25.6800000000000	41.9800000000000
720	13.8900000000000	17.2200000000000	21.8000000000000	21.8000000000000	25.4700000000000	41.7000000000000
722	13.8100000000000	17.1500000000000	21.6800000000000	21.6700000000000	25.3300000000000	41.4600000000000
724	13.7400000000000	17.0600000000000	21.5500000000000	21.5100000000000	25.1900000000000	41.1500000000000
726	13.6700000000000	16.9600000000000	21.4400000000000	21.3800000000000	25.0300000000000	40.9500000000000
728	13.6000000000000	16.8700000000000	21.3300000000000	21.2400000000000	24.8800000000000	40.5600000000000
730	13.5300000000000	16.8100000000000	21.2300000000000	21.1400000000000	24.7500000000000	40.5200000000000
732	13.4900000000000	16.7300000000000	21.1300000000000	21.0100000000000	24.6400000000000	40.2900000000000
734	13.3800000000000	16.6100000000000	20.9900000000000	20.9000000000000	24.4900000000000	40.0700000000000
736	13.3100000000000	16.5200000000000	20.9000000000000	20.7700000000000	24.2500000000000	39.7100000000000
738	13.2500000000000	16.4400000000000	20.7600000000000	20.6400000000000	24.1700000000000	39.4800000000000
740	13.2000000000000	16.3800000000000	20.6700000000000	20.5100000000000	24.0300000000000	39.2300000000000
742	13.1300000000000	16.2900000000000	20.5300000000000	20.4000000000000	23.8800000000000	39.0400000000000
744	13.0600000000000	16.2200000000000	20.4700000000000	20.3300000000000	23.7600000000000	38.9600000000000
746	12.9800000000000	16.1400000000000	20.3400000000000	20.2300000000000	23.6500000000000	38.7200000000000
748	12.9400000000000	16.0800000000000	20.2300000000000	20.1100000000000	23.5600000000000	38.5400000000000
750	12.8600000000000	16	20.1400000000000	19.9800000000000	23.4500000000000	38.3000000000000
752	12.8000000000000	15.9000000000000	20.0300000000000	19.8800000000000	23.2800000000000	38.1200000000000
754	12.7600000000000	15.8300000000000	19.9600000000000	19.8100000000000	23.1600000000000	37.9400000000000
756	12.6900000000000	15.7200000000000	19.8400000000000	19.6900000000000	23.0100000000000	37.6400000000000
758	12.6300000000000	15.6900000000000	19.7600000000000	19.5900000000000	22.8900000000000	37.4200000000000
760	12.5800000000000	15.6100000000000	19.6600000000000	19.4700000000000	22.7700000000000	37.2400000000000
762	12.5100000000000	15.5100000000000	19.5300000000000	19.3700000000000	22.6500000000000	37.1000000000000
764	12.4500000000000	15.4600000000000	19.4100000000000	19.2700000000000	22.5000000000000	36.9100000000000
766	12.3800000000000	15.3900000000000	19.3500000000000	19.1700000000000	22.4000000000000	36.6400000000000
768	12.3400000000000	15.3400000000000	19.2500000000000	19.0900000000000	22.3300000000000	36.5400000000000
770	12.3000000000000	15.2900000000000	19.1500000000000	19	22.2100000000000	36.3300000000000
772	12.2300000000000	15.2000000000000	19.0400000000000	18.9000000000000	22.0800000000000	36.0700000000000
774	12.2100000000000	15.0800000000000	18.9500000000000	18.8000000000000	21.9400000000000	35.9200000000000
776	12.1700000000000	15.0400000000000	18.9000000000000	18.7600000000000	21.8600000000000	35.7700000000000
778	12.0700000000000	14.9500000000000	18.7700000000000	18.6500000000000	21.7400000000000	35.5700000000000
780	12.0200000000000	14.9000000000000	18.6800000000000	18.5600000000000	21.6200000000000	35.4200000000000
782	11.9800000000000	14.8500000000000	18.6000000000000	18.4700000000000	21.5400000000000	35.2300000000000
784	11.9200000000000	14.7800000000000	18.5200000000000	18.3600000000000	21.4300000000000	34.9300000000000
786	11.8800000000000	14.7000000000000	18.4400000000000	18.2800000000000	21.3100000000000	34.8000000000000
788	11.8400000000000	14.6500000000000	18.3800000000000	18.2100000000000	21.2300000000000	34.6700000000000
790	11.7800000000000	14.6000000000000	18.2800000000000	18.0800000000000	21.1300000000000	34.5000000000000
792	11.7600000000000	14.5400000000000	18.2000000000000	18.0400000000000	21.0300000000000	34.3900000000000
794	11.7100000000000	14.4800000000000	18.1100000000000	17.9300000000000	20.9300000000000	34.1800000000000
796	11.6500000000000	14.3900000000000	18.0200000000000	17.8300000000000	20.8000000000000	34.0200000000000
798	11.5800000000000	14.3400000000000	17.9700000000000	17.7500000000000	20.7000000000000	33.7800000000000
800	11.5300000000000	14.3100000000000	17.8900000000000	17.6800000000000	20.6400000000000	33.6500000000000
802	11.4700000000000	14.2300000000000	17.8000000000000	17.6300000000000	20.5700000000000	33.5600000000000
804	11.4200000000000	14.1400000000000	17.7000000000000	17.5300000000000	20.4700000000000	33.3300000000000
806	11.3900000000000	14.0800000000000	17.6500000000000	17.4200000000000	20.3300000000000	33.2200000000000
808	11.3400000000000	14.0400000000000	17.5600000000000	17.3600000000000	20.2300000000000	33.1000000000000
810	11.2900000000000	13.9700000000000	17.4700000000000	17.2500000000000	20.1600000000000	32.8300000000000
812	11.2400000000000	13.9200000000000	17.4000000000000	17.1800000000000	20.1200000000000	32.6900000000000
814	11.2300000000000	13.8500000000000	17.3600000000000	17.0800000000000	20.0200000000000	32.5200000000000
816	11.1900000000000	13.7900000000000	17.2400000000000	17.0200000000000	19.8800000000000	32.4000000000000
818	11.1400000000000	13.7300000000000	17.1700000000000	16.9900000000000	19.7700000000000	32.3000000000000
820	11.0800000000000	13.6900000000000	17.1200000000000	16.9100000000000	19.7000000000000	32.1500000000000
822	11.0500000000000	13.5800000000000	17.0400000000000	16.8300000000000	19.5900000000000	31.9300000000000
824	11.0100000000000	13.5200000000000	16.9700000000000	16.7300000000000	19.5200000000000	31.8000000000000
826	10.9400000000000	13.4900000000000	16.9100000000000	16.6900000000000	19.4200000000000	31.6600000000000
828	10.9400000000000	13.4600000000000	16.8700000000000	16.6100000000000	19.3300000000000	31.6100000000000
830	10.8900000000000	13.3800000000000	16.7300000000000	16.5000000000000	19.2200000000000	31.2900000000000
832	10.8100000000000	13.3100000000000	16.6800000000000	16.4200000000000	19.1500000000000	31.0900000000000
834	10.7800000000000	13.2900000000000	16.6800000000000	16.3700000000000	19.1000000000000	31.0600000000000
836	10.7100000000000	13.2400000000000	16.5700000000000	16.3200000000000	19.0200000000000	30.8400000000000
838	10.6300000000000	13.1500000000000	16.4300000000000	16.2100000000000	18.8300000000000	30.6500000000000
840	10.5200000000000	13	16.2500000000000	16.0600000000000	18.6200000000000	30.3900000000000
842	10.4900000000000	12.9500000000000	16.1900000000000	16	18.5600000000000	30.2800000000000
844	10.4500000000000	12.9000000000000	16.1200000000000	15.9100000000000	18.4600000000000	30.1000000000000
846	10.4100000000000	12.8500000000000	16.0700000000000	15.8500000000000	18.3700000000000	29.9500000000000
848	10.3500000000000	12.7900000000000	15.9900000000000	15.7400000000000	18.3000000000000	29.8100000000000
850	10.3000000000000	12.7400000000000	15.8900000000000	15.6500000000000	18.2200000000000	29.6300000000000
852	10.2900000000000	12.7200000000000	15.8400000000000	15.6100000000000	18.1600000000000	29.5300000000000
854	10.2500000000000	12.6400000000000	15.7700000000000	15.5500000000000	18.0700000000000	29.3500000000000
856	10.1900000000000	12.5800000000000	15.7000000000000	15.4800000000000	17.9600000000000	29.2000000000000
858	10.1600000000000	12.5500000000000	15.6600000000000	15.4300000000000	17.9200000000000	29.1100000000000
860	10.1300000000000	12.4900000000000	15.5900000000000	15.3400000000000	17.8500000000000	28.9800000000000
862	10.0800000000000	12.4300000000000	15.5100000000000	15.2600000000000	17.7500000000000	28.8100000000000
864	10.0400000000000	12.3800000000000	15.4600000000000	15.2100000000000	17.6700000000000	28.6800000000000
866	10.0100000000000	12.3400000000000	15.4100000000000	15.1500000000000	17.6000000000000	28.5300000000000
868	9.95700000000000	12.3000000000000	15.3500000000000	15.0900000000000	17.5400000000000	28.4600000000000
870	9.92300000000000	12.2600000000000	15.2800000000000	15.0100000000000	17.4600000000000	28.3700000000000
872	9.89500000000000	12.2100000000000	15.2100000000000	14.9400000000000	17.3700000000000	28.2200000000000
874	9.84900000000000	12.1600000000000	15.1500000000000	14.8700000000000	17.2700000000000	28.0900000000000
876	9.81300000000000	12.1200000000000	15.0900000000000	14.8100000000000	17.2100000000000	27.9700000000000
878	9.77900000000000	12.0700000000000	15.0400000000000	14.7500000000000	17.1200000000000	27.8200000000000
880	9.73200000000000	12.0200000000000	14.9800000000000	14.6900000000000	17.0400000000000	27.7100000000000
882	9.69700000000000	11.9800000000000	14.9200000000000	14.6300000000000	16.9800000000000	27.6300000000000
884	9.66100000000000	11.9300000000000	14.8600000000000	14.5600000000000	16.9200000000000	27.4900000000000
886	9.62700000000000	11.8800000000000	14.8100000000000	14.4900000000000	16.8400000000000	27.3700000000000
888	9.59100000000000	11.8300000000000	14.7400000000000	14.4300000000000	16.7600000000000	27.2500000000000
890	9.55300000000000	11.7900000000000	14.6700000000000	14.3500000000000	16.6700000000000	27.1000000000000
892	9.50700000000000	11.7400000000000	14.6100000000000	14.2800000000000	16.6100000000000	26.9800000000000
894	9.46300000000000	11.6800000000000	14.5400000000000	14.2100000000000	16.5400000000000	26.8200000000000
896	9.42200000000000	11.6300000000000	14.4800000000000	14.1500000000000	16.4500000000000	26.6800000000000
898	9.37200000000000	11.5800000000000	14.4000000000000	14.0600000000000	16.3500000000000	26.5200000000000
900	9.33000000000000	11.5200000000000	14.3300000000000	13.9900000000000	16.2700000000000	26.3800000000000
902	9.28800000000000	11.4700000000000	14.2700000000000	13.9300000000000	16.1900000000000	26.2600000000000
904	9.25800000000000	11.4300000000000	14.2200000000000	13.8800000000000	16.1300000000000	26.1400000000000
906	9.23000000000000	11.3900000000000	14.1600000000000	13.8200000000000	16.0600000000000	26.0400000000000
908	9.19600000000000	11.3600000000000	14.1100000000000	13.7700000000000	15.9900000000000	25.9400000000000
910	9.17300000000000	11.3300000000000	14.0500000000000	13.7300000000000	15.9500000000000	25.8500000000000
912	9.15000000000000	11.2900000000000	14.0200000000000	13.6900000000000	15.9100000000000	25.7600000000000
914	9.13500000000000	11.2700000000000	13.9900000000000	13.6700000000000	15.8700000000000	25.6900000000000
916	9.11900000000000	11.2400000000000	13.9500000000000	13.6300000000000	15.8200000000000	25.6100000000000
918	9.09800000000000	11.2200000000000	13.9100000000000	13.6000000000000	15.7800000000000	25.5400000000000
920	9.08500000000000	11.2000000000000	13.8900000000000	13.5600000000000	15.7500000000000	25.4600000000000
922	9.06600000000000	11.1800000000000	13.8500000000000	13.5300000000000	15.7000000000000	25.3900000000000
924	9.05000000000000	11.1600000000000	13.8100000000000	13.5000000000000	15.6600000000000	25.3400000000000
926	9.02700000000000	11.1300000000000	13.7700000000000	13.4800000000000	15.6100000000000	25.2700000000000
928	9.00300000000000	11.1000000000000	13.7200000000000	13.4300000000000	15.5600000000000	25.1800000000000
930	8.97400000000000	11.0600000000000	13.6800000000000	13.4000000000000	15.5100000000000	25.1100000000000
932	8.94500000000000	11.0300000000000	13.6400000000000	13.3600000000000	15.4500000000000	24.9700000000000
934	8.91400000000000	11	13.5900000000000	13.3100000000000	15.3800000000000	24.8800000000000
936	8.88600000000000	10.9700000000000	13.5500000000000	13.2600000000000	15.3400000000000	24.8100000000000
938	8.86600000000000	10.9300000000000	13.5200000000000	13.2100000000000	15.2900000000000	24.7300000000000
940	8.84100000000000	10.9000000000000	13.4700000000000	13.1700000000000	15.2300000000000	24.6300000000000
942	8.81000000000000	10.8600000000000	13.4300000000000	13.1300000000000	15.1800000000000	24.5300000000000
944	8.78100000000000	10.8200000000000	13.3900000000000	13.0700000000000	15.1100000000000	24.4400000000000
946	8.74900000000000	10.7800000000000	13.3400000000000	13.0200000000000	15.0700000000000	24.3400000000000
948	8.72400000000000	10.7500000000000	13.3000000000000	12.9800000000000	15.0300000000000	24.2300000000000
950	8.69900000000000	10.7200000000000	13.2500000000000	12.9400000000000	14.9800000000000	24.1500000000000
952	8.66600000000000	10.6800000000000	13.2000000000000	12.8800000000000	14.9100000000000	24.0500000000000
954	8.63800000000000	10.6500000000000	13.1500000000000	12.8400000000000	14.8600000000000	23.9600000000000
956	8.61600000000000	10.6200000000000	13.1100000000000	12.8000000000000	14.8000000000000	23.8700000000000
958	8.59200000000000	10.5800000000000	13.0800000000000	12.7600000000000	14.7700000000000	23.7900000000000
960	8.57200000000000	10.5600000000000	13.0500000000000	12.7200000000000	14.7200000000000	23.7100000000000
962	8.54700000000000	10.5400000000000	13.0200000000000	12.6900000000000	14.6900000000000	23.6400000000000
964	8.52500000000000	10.5100000000000	12.9800000000000	12.6400000000000	14.6500000000000	23.5500000000000
966	8.50500000000000	10.4800000000000	12.9600000000000	12.6100000000000	14.6000000000000	23.4700000000000
968	8.47800000000000	10.4600000000000	12.9000000000000	12.5700000000000	14.5400000000000	23.3800000000000
970	8.45300000000000	10.4300000000000	12.8700000000000	12.5300000000000	14.5000000000000	23.2900000000000
972	8.43100000000000	10.4000000000000	12.8300000000000	12.4900000000000	14.4500000000000	23.2000000000000
974	8.40400000000000	10.3700000000000	12.7900000000000	12.4500000000000	14.4000000000000	23.0900000000000
976	8.37500000000000	10.3300000000000	12.7400000000000	12.4000000000000	14.3500000000000	23.0200000000000
978	8.35100000000000	10.3000000000000	12.7000000000000	12.3600000000000	14.2900000000000	22.9400000000000
980	8.32500000000000	10.2700000000000	12.6600000000000	12.3200000000000	14.2300000000000	22.8500000000000
982	8.30300000000000	10.2400000000000	12.6200000000000	12.2900000000000	14.1900000000000	22.7700000000000
984	8.27200000000000	10.2100000000000	12.5800000000000	12.2500000000000	14.1500000000000	22.6600000000000
986	8.25000000000000	10.1800000000000	12.5400000000000	12.2000000000000	14.1000000000000	22.5800000000000
988	8.22400000000000	10.1500000000000	12.5000000000000	12.1700000000000	14.0500000000000	22.5000000000000
990	8.19800000000000	10.1200000000000	12.4700000000000	12.1300000000000	13.9900000000000	22.4200000000000
992	8.16700000000000	10.0900000000000	12.4300000000000	12.0900000000000	13.9500000000000	22.3200000000000
994	8.14400000000000	10.0600000000000	12.3900000000000	12.0500000000000	13.8900000000000	22.2500000000000
996	8.11700000000000	10.0300000000000	12.3600000000000	12	13.8500000000000	22.1500000000000
998	8.09200000000000	9.99000000000000	12.3100000000000	11.9600000000000	13.8000000000000	22.0800000000000
1000	8.06800000000000	9.96400000000000	12.2700000000000	11.9200000000000	13.7600000000000	21.9900000000000