   6.0000000e+02	   1.9333790e+01	   2.4225000e+01	   3.1025339e+01	   3.1408011e+01	   3.6912521e+01	   6.0997469e+01	
   6.0100000e+02	   1.9277052e+01	   2.4152396e+01	   3.0928476e+01	   3.1305736e+01	   3.6790439e+01	   6.0790625e+01	
   6.0200000e+02	   1.9220574e+01	   2.4080131e+01	   3.0832076e+01	   3.1203963e+01	   3.6668962e+01	   6.0584825e+01	
   6.0300000e+02	   1.9164355e+01	   2.4008200e+01	   3.0736136e+01	   3.1102690e+01	   3.6548088e+01	   6.0380061e+01	
   6.0400000e+02	   1.9108394e+01	   2.3936604e+01	   3.0640653e+01	   3.1001912e+01	   3.6427811e+01	   6.0176326e+01	
   6.0500000e+02	   1.9052687e+01	   2.3865338e+01	   3.0545623e+01	   3.0901626e+01	   3.6308128e+01	   5.9973615e+01	
   6.0600000e+02	   1.8997235e+01	   2.3794402e+01	   3.0451044e+01	   3.0801830e+01	   3.6189034e+01	   5.9771919e+01	
   6.0700000e+02	   1.8942036e+01	   2.3723794e+01	   3.0356914e+01	   3.0702520e+01	   3.6070527e+01	   5.9571233e+01	
   6.0800000e+02	   1.8887087e+01	   2.3653510e+01	   3.0263229e+01	   3.0603692e+01	   3.5952602e+01	   5.9371549e+01	
   6.0900000e+02	   1.8832387e+01	   2.3583550e+01	   3.0169986e+01	   3.0505345e+01	   3.5835255e+01	   5.9172861e+01	
   6.1000000e+02	   1.8777935e+01	   2.3513911e+01	   3.0077182e+01	   3.0407474e+01	   3.5718483e+01	   5.8975162e+01	
   6.1100000e+02	   1.8723730e+01	   2.3444591e+01	   2.9984816e+01	   3.0310076e+01	   3.5602282e+01	   5.8778446e+01	
   6.1200000e+02	   1.8669769e+01	   2.3375589e+01	   2.9892883e+01	   3.0213149e+01	   3.5486648e+01	   5.8582706e+01	
   6.1300000e+02	   1.8616051e+01	   2.3306901e+01	   2.9801382e+01	   3.0116690e+01	   3.5371578e+01	   5.8387936e+01	
   6.1400000e+02	   1.8562576e+01	   2.3238527e+01	   2.9710309e+01	   3.0020695e+01	   3.5257067e+01	   5.8194130e+01	
   6.1500000e+02	   1.8509340e+01	   2.3170465e+01	   2.9619662e+01	   2.9925161e+01	   3.5143112e+01	   5.8001280e+01	
   6.1600000e+02	   1.8456343e+01	   2.3102711e+01	   2.9529438e+01	   2.9830086e+01	   3.5029710e+01	   5.7809382e+01	
   6.1700000e+02	   1.8403584e+01	   2.3035266e+01	   2.9439635e+01	   2.9735466e+01	   3.4916857e+01	   5.7618428e+01	
   6.1800000e+02	   1.8351060e+01	   2.2968126e+01	   2.9350249e+01	   2.9641299e+01	   3.4804549e+01	   5.7428413e+01	
   6.1900000e+02	   1.8298771e+01	   2.2901289e+01	   2.9261279e+01	   2.9547582e+01	   3.4692783e+01	   5.7239329e+01	
   6.2000000e+02	   1.8246715e+01	   2.2834755e+01	   2.9172722e+01	   2.9454312e+01	   3.4581556e+01	   5.7051173e+01	
   6.2100000e+02	   1.8194891e+01	   2.2768521e+01	   2.9084574e+01	   2.9361485e+01	   3.4470864e+01	   5.6863936e+01	
   6.2200000e+02	   1.8143297e+01	   2.2702584e+01	   2.8996835e+01	   2.9269100e+01	   3.4360703e+01	   5.6677614e+01	
   6.2300000e+02	   1.8091931e+01	   2.2636945e+01	   2.8909500e+01	   2.9177154e+01	   3.4251070e+01	   5.6492200e+01	
   6.2400000e+02	   1.8040793e+01	   2.2571600e+01	   2.8822567e+01	   2.9085642e+01	   3.4141963e+01	   5.6307688e+01	
   6.2500000e+02	   1.7989881e+01	   2.2506547e+01	   2.8736035e+01	   2.8994564e+01	   3.4033376e+01	   5.6124073e+01	
   6.2600000e+02	   1.7939194e+01	   2.2441786e+01	   2.8649900e+01	   2.8903916e+01	   3.3925308e+01	   5.5941349e+01	
   6.2700000e+02	   1.7888731e+01	   2.2377314e+01	   2.8564160e+01	   2.8813695e+01	   3.3817755e+01	   5.5759510e+01	
   6.2800000e+02	   1.7838489e+01	   2.2313130e+01	   2.8478813e+01	   2.8723899e+01	   3.3710713e+01	   5.5578551e+01	
   6.2900000e+02	   1.7788468e+01	   2.2249231e+01	   2.8393856e+01	   2.8634525e+01	   3.3604179e+01	   5.5398465e+01	
   6.3000000e+02	   1.7738666e+01	   2.2185616e+01	   2.8309287e+01	   2.8545571e+01	   3.3498151e+01	   5.5219248e+01	
   6.3100000e+02	   1.7689083e+01	   2.2122284e+01	   2.8225103e+01	   2.8457033e+01	   3.3392624e+01	   5.5040893e+01	
   6.3200000e+02	   1.7639716e+01	   2.2059233e+01	   2.8141302e+01	   2.8368909e+01	   3.3287597e+01	   5.4863396e+01	
   6.3300000e+02	   1.7590565e+01	   2.1996460e+01	   2.8057882e+01	   2.8281197e+01	   3.3183065e+01	   5.4686750e+01	
   6.3400000e+02	   1.7541628e+01	   2.1933965e+01	   2.7974840e+01	   2.8193894e+01	   3.3079025e+01	   5.4510950e+01	
   6.3500000e+02	   1.7492904e+01	   2.1871745e+01	   2.7892175e+01	   2.8106998e+01	   3.2975475e+01	   5.4335991e+01	
   6.3600000e+02	   1.7444392e+01	   2.1809799e+01	   2.7809883e+01	   2.8020505e+01	   3.2872411e+01	   5.4161868e+01	
   6.3700000e+02	   1.7396090e+01	   2.1748126e+01	   2.7727963e+01	   2.7934414e+01	   3.2769830e+01	   5.3988575e+01	
   6.3800000e+02	   1.7347997e+01	   2.1686723e+01	   2.7646412e+01	   2.7848722e+01	   3.2667730e+01	   5.3816107e+01	
   6.3900000e+02	   1.7300112e+01	   2.1625590e+01	   2.7565228e+01	   2.7763426e+01	   3.2566107e+01	   5.3644458e+01	
   6.4000000e+02	   1.7252434e+01	   2.1564724e+01	   2.7484408e+01	   2.7678524e+01	   3.2464958e+01	   5.3473625e+01	
   6.4100000e+02	   1.7204962e+01	   2.1504124e+01	   2.7403952e+01	   2.7594014e+01	   3.2364281e+01	   5.3303601e+01	
   6.4200000e+02	   1.7157693e+01	   2.1443788e+01	   2.7323855e+01	   2.7509893e+01	   3.2264072e+01	   5.3134381e+01	
   6.4300000e+02	   1.7110628e+01	   2.1383715e+01	   2.7244117e+01	   2.7426158e+01	   3.2164328e+01	   5.2965960e+01	
   6.4400000e+02	   1.7063765e+01	   2.1323903e+01	   2.7164735e+01	   2.7342809e+01	   3.2065047e+01	   5.2798334e+01	
   6.4500000e+02	   1.7017103e+01	   2.1264352e+01	   2.7085707e+01	   2.7259841e+01	   3.1966226e+01	   5.2631497e+01	
   6.4600000e+02	   1.6970640e+01	   2.1205058e+01	   2.7007031e+01	   2.7177253e+01	   3.1867862e+01	   5.2465445e+01	
   6.4700000e+02	   1.6924376e+01	   2.1146021e+01	   2.6928704e+01	   2.7095042e+01	   3.1769952e+01	   5.2300172e+01	
   6.4800000e+02	   1.6878309e+01	   2.1087239e+01	   2.6850725e+01	   2.7013206e+01	   3.1672493e+01	   5.2135674e+01	
   6.4900000e+02	   1.6832438e+01	   2.1028711e+01	   2.6773092e+01	   2.6931743e+01	   3.1575483e+01	   5.1971946e+01	
   6.5000000e+02	   1.6786762e+01	   2.0970435e+01	   2.6695802e+01	   2.6850651e+01	   3.1478919e+01	   5.1808982e+01	
   6.5100000e+02	   1.6741280e+01	   2.0912409e+01	   2.6618854e+01	   2.6769927e+01	   3.1382798e+01	   5.1646779e+01	
   6.5200000e+02	   1.6695991e+01	   2.0854633e+01	   2.6542244e+01	   2.6689569e+01	   3.1287117e+01	   5.1485332e+01	
   6.5300000e+02	   1.6650893e+01	   2.0797105e+01	   2.6465973e+01	   2.6609574e+01	   3.1191874e+01	   5.1324636e+01	
   6.5400000e+02	   1.6605986e+01	   2.0739823e+01	   2.6390036e+01	   2.6529942e+01	   3.1097066e+01	   5.1164686e+01	
   6.5500000e+02	   1.6561269e+01	   2.0682786e+01	   2.6314433e+01	   2.6450669e+01	   3.1002690e+01	   5.1005478e+01	
   6.5600000e+02	   1.6516739e+01	   2.0625992e+01	   2.6239162e+01	   2.6371753e+01	   3.0908744e+01	   5.0847006e+01	
   6.5700000e+02	   1.6472397e+01	   2.0569441e+01	   2.6164220e+01	   2.6293192e+01	   3.0815225e+01	   5.0689268e+01	
   6.5800000e+02	   1.6428242e+01	   2.0513130e+01	   2.6089605e+01	   2.6214984e+01	   3.0722131e+01	   5.0532257e+01	
   6.5900000e+02	   1.6384271e+01	   2.0457059e+01	   2.6015316e+01	   2.6137127e+01	   3.0629458e+01	   5.0375971e+01	
   6.6000000e+02	   1.6340484e+01	   2.0401226e+01	   2.5941351e+01	   2.6059619e+01	   3.0537205e+01	   5.0220403e+01	
   6.6100000e+02	   1.6296881e+01	   2.0345629e+01	   2.5867708e+01	   2.5982457e+01	   3.0445369e+01	   5.0065551e+01	
   6.6200000e+02	   1.6253460e+01	   2.0290267e+01	   2.5794384e+01	   2.5905641e+01	   3.0353947e+01	   4.9911409e+01	
   6.6300000e+02	   1.6210219e+01	   2.0235139e+01	   2.5721379e+01	   2.5829166e+01	   3.0262938e+01	   4.9757973e+01	
   6.6400000e+02	   1.6167159e+01	   2.0180244e+01	   2.5648690e+01	   2.5753032e+01	   3.0172337e+01	   4.9605239e+01	
   6.6500000e+02	   1.6124277e+01	   2.0125580e+01	   2.5576315e+01	   2.5677237e+01	   3.0082144e+01	   4.9453202e+01	
   6.6600000e+02	   1.6081573e+01	   2.0071146e+01	   2.5504252e+01	   2.5601778e+01	   2.9992355e+01	   4.9301859e+01	
   6.6700000e+02	   1.6039046e+01	   2.0016940e+01	   2.5432501e+01	   2.5526653e+01	   2.9902968e+01	   4.9151205e+01	
   6.6800000e+02	   1.5996696e+01	   1.9962962e+01	   2.5361058e+01	   2.5451862e+01	   2.9813981e+01	   4.9001236e+01	
   6.6900000e+02	   1.5954520e+01	   1.9909210e+01	   2.5289922e+01	   2.5377400e+01	   2.9725392e+01	   4.8851948e+01	
   6.7000000e+02	   1.5912518e+01	   1.9855682e+01	   2.5219092e+01	   2.5303267e+01	   2.9637197e+01	   4.8703337e+01	
   6.7100000e+02	   1.5870689e+01	   1.9802378e+01	   2.5148565e+01	   2.5229461e+01	   2.9549395e+01	   4.8555399e+01	
   6.7200000e+02	   1.5829032e+01	   1.9749296e+01	   2.5078340e+01	   2.5155979e+01	   2.9461983e+01	   4.8408129e+01	
   6.7300000e+02	   1.5787546e+01	   1.9696435e+01	   2.5008415e+01	   2.5082821e+01	   2.9374959e+01	   4.8261524e+01	
   6.7400000e+02	   1.5746230e+01	   1.9643793e+01	   2.4938789e+01	   2.5009983e+01	   2.9288321e+01	   4.8115579e+01	
   6.7500000e+02	   1.5705083e+01	   1.9591370e+01	   2.4869459e+01	   2.4937464e+01	   2.9202066e+01	   4.7970292e+01	
   6.7600000e+02	   1.5664104e+01	   1.9539164e+01	   2.4800424e+01	   2.4865263e+01	   2.9116193e+01	   4.7825657e+01	
   6.7700000e+02	   1.5623293e+01	   1.9487174e+01	   2.4731682e+01	   2.4793376e+01	   2.9030698e+01	   4.7681671e+01	
   6.7800000e+02	   1.5582648e+01	   1.9435399e+01	   2.4663232e+01	   2.4721804e+01	   2.8945580e+01	   4.7538330e+01	
   6.7900000e+02	   1.5542169e+01	   1.9383838e+01	   2.4595072e+01	   2.4650542e+01	   2.8860836e+01	   4.7395630e+01	
   6.8000000e+02	   1.5501854e+01	   1.9332488e+01	   2.4527200e+01	   2.4579591e+01	   2.8776465e+01	   4.7253568e+01	
   6.8100000e+02	   1.5461702e+01	   1.9281350e+01	   2.4459615e+01	   2.4508948e+01	   2.8692464e+01	   4.7112139e+01	
   6.8200000e+02	   1.5421713e+01	   1.9230422e+01	   2.4392315e+01	   2.4438611e+01	   2.8608831e+01	   4.6971340e+01	
   6.8300000e+02	   1.5381886e+01	   1.9179703e+01	   2.4325298e+01	   2.4368578e+01	   2.8525563e+01	   4.6831168e+01	
   6.8400000e+02	   1.5342220e+01	   1.9129192e+01	   2.4258563e+01	   2.4298848e+01	   2.8442660e+01	   4.6691618e+01	
   6.8500000e+02	   1.5302714e+01	   1.9078887e+01	   2.4192108e+01	   2.4229419e+01	   2.8360117e+01	   4.6552686e+01	
   6.8600000e+02	   1.5263367e+01	   1.9028787e+01	   2.4125931e+01	   2.4160290e+01	   2.8277934e+01	   4.6414370e+01	
   6.8700000e+02	   1.5224178e+01	   1.8978892e+01	   2.4060032e+01	   2.4091457e+01	   2.8196109e+01	   4.6276666e+01	
   6.8800000e+02	   1.5185147e+01	   1.8929200e+01	   2.3994408e+01	   2.4022921e+01	   2.8114639e+01	   4.6139569e+01	
   6.8900000e+02	   1.5146272e+01	   1.8879710e+01	   2.3929058e+01	   2.3954679e+01	   2.8033522e+01	   4.6003077e+01	
   6.9000000e+02	   1.5107553e+01	   1.8830420e+01	   2.3863981e+01	   2.3886729e+01	   2.7952756e+01	   4.5867185e+01	
   6.9100000e+02	   1.5068989e+01	   1.8781331e+01	   2.3799174e+01	   2.3819070e+01	   2.7872339e+01	   4.5731891e+01	
   6.9200000e+02	   1.5030579e+01	   1.8732440e+01	   2.3734637e+01	   2.3751700e+01	   2.7792270e+01	   4.5597191e+01	
   6.9300000e+02	   1.4992322e+01	   1.8683747e+01	   2.3670367e+01	   2.3684617e+01	   2.7712545e+01	   4.5463081e+01	
   6.9400000e+02	   1.4954217e+01	   1.8635250e+01	   2.3606364e+01	   2.3617820e+01	   2.7633164e+01	   4.5329558e+01	
   6.9500000e+02	   1.4916264e+01	   1.8586949e+01	   2.3542625e+01	   2.3551307e+01	   2.7554124e+01	   4.5196619e+01	
   6.9600000e+02	   1.4878461e+01	   1.8538842e+01	   2.3479150e+01	   2.3485077e+01	   2.7475423e+01	   4.5064260e+01	
   6.9700000e+02	   1.4840809e+01	   1.8490928e+01	   2.3415937e+01	   2.3419128e+01	   2.7397060e+01	   4.4932478e+01	
   6.9800000e+02	   1.4803305e+01	   1.8443207e+01	   2.3352985e+01	   2.3353458e+01	   2.7319031e+01	   4.4801269e+01	
   6.9900000e+02	   1.4765950e+01	   1.8395677e+01	   2.3290291e+01	   2.3288066e+01	   2.7241337e+01	   4.4670631e+01	
   7.0000000e+02	   1.4728742e+01	   1.8348337e+01	   2.3227855e+01	   2.3222950e+01	   2.7163974e+01	   4.4540559e+01	
   7.0100000e+02	   1.4691681e+01	   1.8301186e+01	   2.3165675e+01	   2.3158109e+01	   2.7086940e+01	   4.4411051e+01	
   7.0200000e+02	   1.4654765e+01	   1.8254223e+01	   2.3103750e+01	   2.3093541e+01	   2.7010235e+01	   4.4282103e+01	
   7.0300000e+02	   1.4617995e+01	   1.8207448e+01	   2.3042078e+01	   2.3029244e+01	   2.6933855e+01	   4.4153712e+01	
   7.0400000e+02	   1.4581369e+01	   1.8160858e+01	   2.2980658e+01	   2.2965217e+01	   2.6857799e+01	   4.4025876e+01	
   7.0500000e+02	   1.4544887e+01	   1.8114454e+01	   2.2919488e+01	   2.2901459e+01	   2.6782066e+01	   4.3898590e+01	
   7.0600000e+02	   1.4508547e+01	   1.8068234e+01	   2.2858568e+01	   2.2837968e+01	   2.6706653e+01	   4.3771852e+01	
   7.0700000e+02	   1.4472350e+01	   1.8022196e+01	   2.2797896e+01	   2.2774743e+01	   2.6631559e+01	   4.3645658e+01	
   7.0800000e+02	   1.4436294e+01	   1.7976341e+01	   2.2737470e+01	   2.2711781e+01	   2.6556781e+01	   4.3520006e+01	
   7.0900000e+02	   1.4400378e+01	   1.7930667e+01	   2.2677289e+01	   2.2649082e+01	   2.6482319e+01	   4.3394892e+01	
   7.1000000e+02	   1.4364602e+01	   1.7885174e+01	   2.2617352e+01	   2.2586644e+01	   2.6408170e+01	   4.3270313e+01	
   7.1100000e+02	   1.4328965e+01	   1.7839859e+01	   2.2557657e+01	   2.2524466e+01	   2.6334333e+01	   4.3146267e+01	
   7.1200000e+02	   1.4293467e+01	   1.7794723e+01	   2.2498204e+01	   2.2462546e+01	   2.6260805e+01	   4.3022750e+01	
   7.1300000e+02	   1.4258106e+01	   1.7749764e+01	   2.2438990e+01	   2.2400883e+01	   2.6187585e+01	   4.2899759e+01	
   7.1400000e+02	   1.4222882e+01	   1.7704981e+01	   2.2380015e+01	   2.2339475e+01	   2.6114672e+01	   4.2777291e+01	
   7.1500000e+02	   1.4187794e+01	   1.7660374e+01	   2.2321277e+01	   2.2278321e+01	   2.6042063e+01	   4.2655343e+01	
   7.1600000e+02	   1.4152841e+01	   1.7615941e+01	   2.2262775e+01	   2.2217419e+01	   2.5969757e+01	   4.2533913e+01	
   7.1700000e+02	   1.4118023e+01	   1.7571682e+01	   2.2204508e+01	   2.2156769e+01	   2.5897753e+01	   4.2412997e+01	
   7.1800000e+02	   1.4083340e+01	   1.7527596e+01	   2.2146474e+01	   2.2096368e+01	   2.5826048e+01	   4.2292593e+01	
   7.1900000e+02	   1.4048789e+01	   1.7483681e+01	   2.2088672e+01	   2.2036216e+01	   2.5754641e+01	   4.2172698e+01	
   7.2000000e+02	   1.4014371e+01	   1.7439937e+01	   2.2031101e+01	   2.1976311e+01	   2.5683530e+01	   4.2053308e+01	
   7.2100000e+02	   1.3980085e+01	   1.7396363e+01	   2.1973760e+01	   2.1916651e+01	   2.5612714e+01	   4.1934421e+01	
   7.2200000e+02	   1.3945930e+01	   1.7352958e+01	   2.1916647e+01	   2.1857236e+01	   2.5542191e+01	   4.1816035e+01	
   7.2300000e+02	   1.3911906e+01	   1.7309722e+01	   2.1859761e+01	   2.1798064e+01	   2.5471959e+01	   4.1698146e+01	
   7.2400000e+02	   1.3878012e+01	   1.7266652e+01	   2.1803101e+01	   2.1739133e+01	   2.5402018e+01	   4.1580751e+01	
   7.2500000e+02	   1.3844247e+01	   1.7223749e+01	   2.1746666e+01	   2.1680443e+01	   2.5332364e+01	   4.1463849e+01	
   7.2600000e+02	   1.3810610e+01	   1.7181012e+01	   2.1690455e+01	   2.1621992e+01	   2.5262997e+01	   4.1347435e+01	
   7.2700000e+02	   1.3777101e+01	   1.7138439e+01	   2.1634466e+01	   2.1563778e+01	   2.5193915e+01	   4.1231508e+01	
   7.2800000e+02	   1.3743720e+01	   1.7096029e+01	   2.1578698e+01	   2.1505801e+01	   2.5125116e+01	   4.1116065e+01	
   7.2900000e+02	   1.3710465e+01	   1.7053783e+01	   2.1523150e+01	   2.1448059e+01	   2.5056599e+01	   4.1001102e+01	
   7.3000000e+02	   1.3677335e+01	   1.7011699e+01	   2.1467821e+01	   2.1390551e+01	   2.4988363e+01	   4.0886618e+01	
   7.3100000e+02	   1.3644331e+01	   1.6969776e+01	   2.1412710e+01	   2.1333275e+01	   2.4920406e+01	   4.0772610e+01	
   7.3200000e+02	   1.3611452e+01	   1.6928014e+01	   2.1357815e+01	   2.1276231e+01	   2.4852725e+01	   4.0659075e+01	
   7.3300000e+02	   1.3578697e+01	   1.6886411e+01	   2.1303135e+01	   2.1219417e+01	   2.4785321e+01	   4.0546010e+01	
   7.3400000e+02	   1.3546065e+01	   1.6844967e+01	   2.1248670e+01	   2.1162832e+01	   2.4718191e+01	   4.0433413e+01	
   7.3500000e+02	   1.3513555e+01	   1.6803681e+01	   2.1194418e+01	   2.1106474e+01	   2.4651334e+01	   4.0321282e+01	
   7.3600000e+02	   1.3481168e+01	   1.6762552e+01	   2.1140378e+01	   2.1050343e+01	   2.4584748e+01	   4.0209613e+01	
   7.3700000e+02	   1.3448902e+01	   1.6721579e+01	   2.1086549e+01	   2.0994437e+01	   2.4518433e+01	   4.0098405e+01	
   7.3800000e+02	   1.3416757e+01	   1.6680762e+01	   2.1032930e+01	   2.0938755e+01	   2.4452385e+01	   3.9987654e+01	
   7.3900000e+02	   1.3384732e+01	   1.6640099e+01	   2.0979519e+01	   2.0883296e+01	   2.4386605e+01	   3.9877359e+01	
   7.4000000e+02	   1.3352827e+01	   1.6599590e+01	   2.0926316e+01	   2.0828058e+01	   2.4321090e+01	   3.9767516e+01	
   7.4100000e+02	   1.3321041e+01	   1.6559235e+01	   2.0873319e+01	   2.0773041e+01	   2.4255839e+01	   3.9658124e+01	
   7.4200000e+02	   1.3289373e+01	   1.6519032e+01	   2.0820528e+01	   2.0718243e+01	   2.4190851e+01	   3.9549179e+01	
   7.4300000e+02	   1.3257823e+01	   1.6478980e+01	   2.0767941e+01	   2.0663663e+01	   2.4126124e+01	   3.9440680e+01	
   7.4400000e+02	   1.3226390e+01	   1.6439079e+01	   2.0715557e+01	   2.0609300e+01	   2.4061658e+01	   3.9332624e+01	
   7.4500000e+02	   1.3195073e+01	   1.6399328e+01	   2.0663376e+01	   2.0555153e+01	   2.3997449e+01	   3.9225009e+01	
   7.4600000e+02	   1.3163873e+01	   1.6359727e+01	   2.0611396e+01	   2.0501220e+01	   2.3933498e+01	   3.9117831e+01	
   7.4700000e+02	   1.3132788e+01	   1.6320274e+01	   2.0559616e+01	   2.0447501e+01	   2.3869803e+01	   3.9011090e+01	
   7.4800000e+02	   1.3101818e+01	   1.6280968e+01	   2.0508035e+01	   2.0393994e+01	   2.3806362e+01	   3.8904782e+01	
   7.4900000e+02	   1.3070962e+01	   1.6241810e+01	   2.0456652e+01	   2.0340698e+01	   2.3743174e+01	   3.8798905e+01	
   7.5000000e+02	   1.3040220e+01	   1.6202798e+01	   2.0405466e+01	   2.0287613e+01	   2.3680237e+01	   3.8693457e+01	
   7.5100000e+02	   1.3009591e+01	   1.6163931e+01	   2.0354476e+01	   2.0234736e+01	   2.3617551e+01	   3.8588435e+01	
   7.5200000e+02	   1.2979075e+01	   1.6125209e+01	   2.0303681e+01	   2.0182068e+01	   2.3555114e+01	   3.8483838e+01	
   7.5300000e+02	   1.2948670e+01	   1.6086631e+01	   2.0253080e+01	   2.0129606e+01	   2.3492925e+01	   3.8379663e+01	
   7.5400000e+02	   1.2918377e+01	   1.6048197e+01	   2.0202672e+01	   2.0077350e+01	   2.3430982e+01	   3.8275907e+01	
   7.5500000e+02	   1.2888195e+01	   1.6009905e+01	   2.0152457e+01	   2.0025298e+01	   2.3369284e+01	   3.8172569e+01	
   7.5600000e+02	   1.2858123e+01	   1.5971755e+01	   2.0102432e+01	   1.9973450e+01	   2.3307830e+01	   3.8069646e+01	
   7.5700000e+02	   1.2828161e+01	   1.5933746e+01	   2.0052597e+01	   1.9921805e+01	   2.3246619e+01	   3.7967136e+01	
   7.5800000e+02	   1.2798308e+01	   1.5895877e+01	   2.0002951e+01	   1.9870361e+01	   2.3185649e+01	   3.7865037e+01	
   7.5900000e+02	   1.2768564e+01	   1.5858149e+01	   1.9953494e+01	   1.9819118e+01	   2.3124918e+01	   3.7763346e+01	
   7.6000000e+02	   1.2738928e+01	   1.5820559e+01	   1.9904224e+01	   1.9768073e+01	   2.3064427e+01	   3.7662062e+01	
   7.6100000e+02	   1.2709400e+01	   1.5783108e+01	   1.9855139e+01	   1.9717228e+01	   2.3004173e+01	   3.7561182e+01	
   7.6200000e+02	   1.2679979e+01	   1.5745794e+01	   1.9806241e+01	   1.9666579e+01	   2.2944155e+01	   3.7460705e+01	
   7.6300000e+02	   1.2650664e+01	   1.5708617e+01	   1.9757526e+01	   1.9616127e+01	   2.2884372e+01	   3.7360627e+01	
   7.6400000e+02	   1.2621456e+01	   1.5671577e+01	   1.9708995e+01	   1.9565870e+01	   2.2824823e+01	   3.7260947e+01	
   7.6500000e+02	   1.2592352e+01	   1.5634672e+01	   1.9660646e+01	   1.9515807e+01	   2.2765507e+01	   3.7161663e+01	
   7.6600000e+02	   1.2563354e+01	   1.5597902e+01	   1.9612479e+01	   1.9465937e+01	   2.2706421e+01	   3.7062773e+01	
   7.6700000e+02	   1.2534461e+01	   1.5561267e+01	   1.9564492e+01	   1.9416260e+01	   2.2647566e+01	   3.6964275e+01	
   7.6800000e+02	   1.2505671e+01	   1.5524765e+01	   1.9516685e+01	   1.9366774e+01	   2.2588940e+01	   3.6866166e+01	
   7.6900000e+02	   1.2476985e+01	   1.5488396e+01	   1.9469057e+01	   1.9317478e+01	   2.2530542e+01	   3.6768445e+01	
   7.7000000e+02	   1.2448401e+01	   1.5452159e+01	   1.9421607e+01	   1.9268372e+01	   2.2472370e+01	   3.6671109e+01	
   7.7100000e+02	   1.2419921e+01	   1.5416054e+01	   1.9374334e+01	   1.9219454e+01	   2.2414424e+01	   3.6574156e+01	
   7.7200000e+02	   1.2391542e+01	   1.5380080e+01	   1.9327237e+01	   1.9170723e+01	   2.2356702e+01	   3.6477586e+01	
   7.7300000e+02	   1.2363264e+01	   1.5344236e+01	   1.9280315e+01	   1.9122179e+01	   2.2299203e+01	   3.6381394e+01	
   7.7400000e+02	   1.2335088e+01	   1.5308523e+01	   1.9233568e+01	   1.9073820e+01	   2.2241925e+01	   3.6285580e+01	
   7.7500000e+02	   1.2307012e+01	   1.5272938e+01	   1.9186994e+01	   1.9025645e+01	   2.2184869e+01	   3.6190142e+01	
   7.7600000e+02	   1.2279036e+01	   1.5237481e+01	   1.9140592e+01	   1.8977655e+01	   2.2128032e+01	   3.6095077e+01	
   7.7700000e+02	   1.2251159e+01	   1.5202153e+01	   1.9094363e+01	   1.8929846e+01	   2.2071414e+01	   3.6000384e+01	
   7.7800000e+02	   1.2223382e+01	   1.5166951e+01	   1.9048304e+01	   1.8882220e+01	   2.2015013e+01	   3.5906061e+01	
   7.7900000e+02	   1.2195703e+01	   1.5131876e+01	   1.9002415e+01	   1.8834774e+01	   2.1958829e+01	   3.5812106e+01	
   7.8000000e+02	   1.2168122e+01	   1.5096927e+01	   1.8956696e+01	   1.8787508e+01	   2.1902860e+01	   3.5718516e+01	
   7.8100000e+02	   1.2140639e+01	   1.5062104e+01	   1.8911145e+01	   1.8740421e+01	   2.1847105e+01	   3.5625291e+01	
   7.8200000e+02	   1.2113253e+01	   1.5027405e+01	   1.8865761e+01	   1.8693512e+01	   2.1791562e+01	   3.5532427e+01	
   7.8300000e+02	   1.2085963e+01	   1.4992830e+01	   1.8820544e+01	   1.8646780e+01	   2.1736232e+01	   3.5439924e+01	
   7.8400000e+02	   1.2058770e+01	   1.4958379e+01	   1.8775494e+01	   1.8600225e+01	   2.1681113e+01	   3.5347780e+01	
   7.8500000e+02	   1.2031672e+01	   1.4924051e+01	   1.8730608e+01	   1.8553845e+01	   2.1626203e+01	   3.5255992e+01	
   7.8600000e+02	   1.2004670e+01	   1.4889845e+01	   1.8685886e+01	   1.8507639e+01	   2.1571502e+01	   3.5164558e+01	
   7.8700000e+02	   1.1977762e+01	   1.4855761e+01	   1.8641328e+01	   1.8461607e+01	   2.1517009e+01	   3.5073478e+01	
   7.8800000e+02	   1.1950949e+01	   1.4821798e+01	   1.8596932e+01	   1.8415747e+01	   2.1462722e+01	   3.4982749e+01	
   7.8900000e+02	   1.1924230e+01	   1.4787955e+01	   1.8552698e+01	   1.8370060e+01	   2.1408641e+01	   3.4892369e+01	
   7.9000000e+02	   1.1897604e+01	   1.4754233e+01	   1.8508626e+01	   1.8324543e+01	   2.1354764e+01	   3.4802336e+01	
   7.9100000e+02	   1.1871071e+01	   1.4720630e+01	   1.8464713e+01	   1.8279197e+01	   2.1301091e+01	   3.4712649e+01	
   7.9200000e+02	   1.1844631e+01	   1.4687145e+01	   1.8420960e+01	   1.8234020e+01	   2.1247620e+01	   3.4623307e+01	
   7.9300000e+02	   1.1818283e+01	   1.4653779e+01	   1.8377366e+01	   1.8189011e+01	   2.1194351e+01	   3.4534306e+01	
   7.9400000e+02	   1.1792027e+01	   1.4620531e+01	   1.8333929e+01	   1.8144170e+01	   2.1141282e+01	   3.4445646e+01	
   7.9500000e+02	   1.1765862e+01	   1.4587400e+01	   1.8290650e+01	   1.8099496e+01	   2.1088413e+01	   3.4357325e+01	
   7.9600000e+02	   1.1739788e+01	   1.4554385e+01	   1.8247527e+01	   1.8054988e+01	   2.1035742e+01	   3.4269341e+01	
   7.9700000e+02	   1.1713804e+01	   1.4521487e+01	   1.8204560e+01	   1.8010644e+01	   2.0983268e+01	   3.4181693e+01	
   7.9800000e+02	   1.1687910e+01	   1.4488704e+01	   1.8161748e+01	   1.7966466e+01	   2.0930991e+01	   3.4094377e+01	
   7.9900000e+02	   1.1662106e+01	   1.4456036e+01	   1.8119089e+01	   1.7922450e+01	   2.0878910e+01	   3.4007394e+01	
   8.0000000e+02	   1.1636391e+01	   1.4423482e+01	   1.8076584e+01	   1.7878597e+01	   2.0827022e+01	   3.3920742e+01	
   8.0100000e+02	   1.1610764e+01	   1.4391042e+01	   1.8034232e+01	   1.7834907e+01	   2.0775329e+01	   3.3834417e+01	
   8.0200000e+02	   1.1585226e+01	   1.4358716e+01	   1.7992032e+01	   1.7791377e+01	   2.0723828e+01	   3.3748420e+01	
   8.0300000e+02	   1.1559776e+01	   1.4326502e+01	   1.7949982e+01	   1.7748007e+01	   2.0672518e+01	   3.3662748e+01	
   8.0400000e+02	   1.1534414e+01	   1.4294400e+01	   1.7908084e+01	   1.7704797e+01	   2.0621400e+01	   3.3577400e+01	
   8.0500000e+02	   1.1509138e+01	   1.4262411e+01	   1.7866335e+01	   1.7661746e+01	   2.0570470e+01	   3.3492374e+01	
   8.0600000e+02	   1.1483949e+01	   1.4230532e+01	   1.7824734e+01	   1.7618853e+01	   2.0519730e+01	   3.3407669e+01	
   8.0700000e+02	   1.1458846e+01	   1.4198764e+01	   1.7783282e+01	   1.7576117e+01	   2.0469178e+01	   3.3323282e+01	
   8.0800000e+02	   1.1433829e+01	   1.4167106e+01	   1.7741978e+01	   1.7533537e+01	   2.0418812e+01	   3.3239212e+01	
   8.0900000e+02	   1.1408898e+01	   1.4135558e+01	   1.7700821e+01	   1.7491113e+01	   2.0368633e+01	   3.3155458e+01	
   8.1000000e+02	   1.1384052e+01	   1.4104118e+01	   1.7659809e+01	   1.7448844e+01	   2.0318638e+01	   3.3072019e+01	
   8.1100000e+02	   1.1359290e+01	   1.4072788e+01	   1.7618943e+01	   1.7406729e+01	   2.0268828e+01	   3.2988892e+01	
   8.1200000e+02	   1.1334612e+01	   1.4041565e+01	   1.7578222e+01	   1.7364767e+01	   2.0219201e+01	   3.2906075e+01	
   8.1300000e+02	   1.1310019e+01	   1.4010450e+01	   1.7537645e+01	   1.7322958e+01	   2.0169756e+01	   3.2823569e+01	
   8.1400000e+02	   1.1285509e+01	   1.3979442e+01	   1.7497211e+01	   1.7281300e+01	   2.0120493e+01	   3.2741370e+01	
   8.1500000e+02	   1.1261082e+01	   1.3948541e+01	   1.7456920e+01	   1.7239794e+01	   2.0071410e+01	   3.2659478e+01	
   8.1600000e+02	   1.1236738e+01	   1.3917746e+01	   1.7416771e+01	   1.7198438e+01	   2.0022507e+01	   3.2577890e+01	
   8.1700000e+02	   1.1212476e+01	   1.3887056e+01	   1.7376764e+01	   1.7157232e+01	   1.9973783e+01	   3.2496606e+01	
   8.1800000e+02	   1.1188296e+01	   1.3856471e+01	   1.7336897e+01	   1.7116175e+01	   1.9925237e+01	   3.2415624e+01	
   8.1900000e+02	   1.1164198e+01	   1.3825991e+01	   1.7297170e+01	   1.7075266e+01	   1.9876868e+01	   3.2334942e+01	
   8.2000000e+02	   1.1140181e+01	   1.3795615e+01	   1.7257582e+01	   1.7034505e+01	   1.9828675e+01	   3.2254559e+01	
   8.2100000e+02	   1.1116245e+01	   1.3765343e+01	   1.7218133e+01	   1.6993890e+01	   1.9780658e+01	   3.2174473e+01	
   8.2200000e+02	   1.1092389e+01	   1.3735174e+01	   1.7178822e+01	   1.6953422e+01	   1.9732815e+01	   3.2094683e+01	
   8.2300000e+02	   1.1068613e+01	   1.3705108e+01	   1.7139648e+01	   1.6913099e+01	   1.9685145e+01	   3.2015188e+01	
   8.2400000e+02	   1.1044917e+01	   1.3675143e+01	   1.7100612e+01	   1.6872920e+01	   1.9637649e+01	   3.1935986e+01	
   8.2500000e+02	   1.1021301e+01	   1.3645281e+01	   1.7061711e+01	   1.6832886e+01	   1.9590324e+01	   3.1857076e+01	
   8.2600000e+02	   1.0997763e+01	   1.3615520e+01	   1.7022946e+01	   1.6792995e+01	   1.9543171e+01	   3.1778456e+01	
   8.2700000e+02	   1.0974304e+01	   1.3585859e+01	   1.6984315e+01	   1.6753246e+01	   1.9496188e+01	   3.1700124e+01	
   8.2800000e+02	   1.0950924e+01	   1.3556299e+01	   1.6945819e+01	   1.6713640e+01	   1.9449375e+01	   3.1622080e+01	
   8.2900000e+02	   1.0927621e+01	   1.3526839e+01	   1.6907456e+01	   1.6674175e+01	   1.9402730e+01	   3.1544322e+01	
   8.3000000e+02	   1.0904396e+01	   1.3497478e+01	   1.6869226e+01	   1.6634850e+01	   1.9356253e+01	   3.1466849e+01	
   8.3100000e+02	   1.0881248e+01	   1.3468217e+01	   1.6831129e+01	   1.6595665e+01	   1.9309943e+01	   3.1389659e+01	
   8.3200000e+02	   1.0858177e+01	   1.3439053e+01	   1.6793163e+01	   1.6556620e+01	   1.9263800e+01	   3.1312751e+01	
   8.3300000e+02	   1.0835183e+01	   1.3409988e+01	   1.6755328e+01	   1.6517713e+01	   1.9217822e+01	   3.1236123e+01	
   8.3400000e+02	   1.0812265e+01	   1.3381020e+01	   1.6717624e+01	   1.6478944e+01	   1.9172009e+01	   3.1159774e+01	
   8.3500000e+02	   1.0789423e+01	   1.3352150e+01	   1.6680050e+01	   1.6440313e+01	   1.9126359e+01	   3.1083703e+01	
   8.3600000e+02	   1.0766656e+01	   1.3323376e+01	   1.6642605e+01	   1.6401818e+01	   1.9080873e+01	   3.1007908e+01	
   8.3700000e+02	   1.0743964e+01	   1.3294699e+01	   1.6605289e+01	   1.6363459e+01	   1.9035549e+01	   3.0932389e+01	
   8.3800000e+02	   1.0721347e+01	   1.3266117e+01	   1.6568100e+01	   1.6325235e+01	   1.8990387e+01	   3.0857143e+01	
   8.3900000e+02	   1.0698805e+01	   1.3237631e+01	   1.6531040e+01	   1.6287146e+01	   1.8945386e+01	   3.0782170e+01	
   8.4000000e+02	   1.0676337e+01	   1.3209240e+01	   1.6494106e+01	   1.6249191e+01	   1.8900544e+01	   3.0707468e+01	
   8.4100000e+02	   1.0653943e+01	   1.3180944e+01	   1.6457298e+01	   1.6211370e+01	   1.8855862e+01	   3.0633036e+01	
   8.4200000e+02	   1.0631622e+01	   1.3152741e+01	   1.6420616e+01	   1.6173681e+01	   1.8811339e+01	   3.0558872e+01	
   8.4300000e+02	   1.0609374e+01	   1.3124633e+01	   1.6384060e+01	   1.6136125e+01	   1.8766973e+01	   3.0484976e+01	
   8.4400000e+02	   1.0587199e+01	   1.3096617e+01	   1.6347627e+01	   1.6098700e+01	   1.8722764e+01	   3.0411345e+01	
   8.4500000e+02	   1.0565097e+01	   1.3068695e+01	   1.6311319e+01	   1.6061406e+01	   1.8678712e+01	   3.0337980e+01	
   8.4600000e+02	   1.0543067e+01	   1.3040864e+01	   1.6275135e+01	   1.6024243e+01	   1.8634815e+01	   3.0264877e+01	
   8.4700000e+02	   1.0521109e+01	   1.3013126e+01	   1.6239073e+01	   1.5987209e+01	   1.8591073e+01	   3.0192037e+01	
   8.4800000e+02	   1.0499222e+01	   1.2985480e+01	   1.6203133e+01	   1.5950305e+01	   1.8547485e+01	   3.0119458e+01	
   8.4900000e+02	   1.0477407e+01	   1.2957925e+01	   1.6167316e+01	   1.5913528e+01	   1.8504051e+01	   3.0047139e+01	
   8.5000000e+02	   1.0455662e+01	   1.2930460e+01	   1.6131619e+01	   1.5876880e+01	   1.8460769e+01	   2.9975078e+01	
   8.5100000e+02	   1.0433989e+01	   1.2903086e+01	   1.6096043e+01	   1.5840360e+01	   1.8417639e+01	   2.9903274e+01	
   8.5200000e+02	   1.0412385e+01	   1.2875802e+01	   1.6060587e+01	   1.5803965e+01	   1.8374660e+01	   2.9831726e+01	
   8.5300000e+02	   1.0390852e+01	   1.2848608e+01	   1.6025251e+01	   1.5767698e+01	   1.8331832e+01	   2.9760434e+01	
   8.5400000e+02	   1.0369388e+01	   1.2821503e+01	   1.5990034e+01	   1.5731555e+01	   1.8289154e+01	   2.9689394e+01	
   8.5500000e+02	   1.0347993e+01	   1.2794486e+01	   1.5954935e+01	   1.5695538e+01	   1.8246625e+01	   2.9618607e+01	
   8.5600000e+02	   1.0326668e+01	   1.2767558e+01	   1.5919955e+01	   1.5659645e+01	   1.8204244e+01	   2.9548072e+01	
   8.5700000e+02	   1.0305411e+01	   1.2740718e+01	   1.5885091e+01	   1.5623876e+01	   1.8162011e+01	   2.9477786e+01	
   8.5800000e+02	   1.0284223e+01	   1.2713966e+01	   1.5850345e+01	   1.5588230e+01	   1.8119925e+01	   2.9407749e+01	
   8.5900000e+02	   1.0263103e+01	   1.2687301e+01	   1.5815714e+01	   1.5552707e+01	   1.8077986e+01	   2.9337960e+01	
   8.6000000e+02	   1.0242051e+01	   1.2660722e+01	   1.5781200e+01	   1.5517306e+01	   1.8036192e+01	   2.9268418e+01	
   8.6100000e+02	   1.0221066e+01	   1.2634230e+01	   1.5746801e+01	   1.5482027e+01	   1.7994543e+01	   2.9199121e+01	
   8.6200000e+02	   1.0200149e+01	   1.2607825e+01	   1.5712517e+01	   1.5446869e+01	   1.7953039e+01	   2.9130068e+01	
   8.6300000e+02	   1.0179299e+01	   1.2581505e+01	   1.5678347e+01	   1.5411831e+01	   1.7911678e+01	   2.9061258e+01	
   8.6400000e+02	   1.0158515e+01	   1.2555270e+01	   1.5644290e+01	   1.5376913e+01	   1.7870460e+01	   2.8992690e+01	
   8.6500000e+02	   1.0137798e+01	   1.2529120e+01	   1.5610347e+01	   1.5342114e+01	   1.7829385e+01	   2.8924363e+01	
   8.6600000e+02	   1.0117147e+01	   1.2503055e+01	   1.5576517e+01	   1.5307434e+01	   1.7788451e+01	   2.8856276e+01	
   8.6700000e+02	   1.0096562e+01	   1.2477074e+01	   1.5542799e+01	   1.5272873e+01	   1.7747658e+01	   2.8788427e+01	
   8.6800000e+02	   1.0076042e+01	   1.2451177e+01	   1.5509193e+01	   1.5238429e+01	   1.7707006e+01	   2.8720815e+01	
   8.6900000e+02	   1.0055587e+01	   1.2425363e+01	   1.5475698e+01	   1.5204103e+01	   1.7666494e+01	   2.8653441e+01	
   8.7000000e+02	   1.0035198e+01	   1.2399633e+01	   1.5442313e+01	   1.5169893e+01	   1.7626120e+01	   2.8586301e+01	
   8.7100000e+02	   1.0014873e+01	   1.2373985e+01	   1.5409039e+01	   1.5135799e+01	   1.7585885e+01	   2.8519395e+01	
   8.7200000e+02	   9.9946128e+00	   1.2348420e+01	   1.5375875e+01	   1.5101821e+01	   1.7545788e+01	   2.8452723e+01	
   8.7300000e+02	   9.9744166e+00	   1.2322936e+01	   1.5342820e+01	   1.5067958e+01	   1.7505829e+01	   2.8386282e+01	
   8.7400000e+02	   9.9542842e+00	   1.2297535e+01	   1.5309873e+01	   1.5034209e+01	   1.7466005e+01	   2.8320073e+01	
   8.7500000e+02	   9.9342155e+00	   1.2272214e+01	   1.5277035e+01	   1.5000575e+01	   1.7426318e+01	   2.8254093e+01	
   8.7600000e+02	   9.9142100e+00	   1.2246975e+01	   1.5244305e+01	   1.4967054e+01	   1.7386766e+01	   2.8188343e+01	
   8.7700000e+02	   9.8942676e+00	   1.2221816e+01	   1.5211682e+01	   1.4933646e+01	   1.7347349e+01	   2.8122819e+01	
   8.7800000e+02	   9.8743879e+00	   1.2196738e+01	   1.5179166e+01	   1.4900351e+01	   1.7308066e+01	   2.8057523e+01	
   8.7900000e+02	   9.8545708e+00	   1.2171739e+01	   1.5146757e+01	   1.4867168e+01	   1.7268917e+01	   2.7992453e+01	
   8.8000000e+02	   9.8348158e+00	   1.2146820e+01	   1.5114453e+01	   1.4834096e+01	   1.7229900e+01	   2.7927607e+01	
   8.8100000e+02	   9.8151229e+00	   1.2121980e+01	   1.5082255e+01	   1.4801135e+01	   1.7191016e+01	   2.7862984e+01	
   8.8200000e+02	   9.7954917e+00	   1.2097219e+01	   1.5050162e+01	   1.4768285e+01	   1.7152264e+01	   2.7798584e+01	
   8.8300000e+02	   9.7759219e+00	   1.2072537e+01	   1.5018173e+01	   1.4735544e+01	   1.7113642e+01	   2.7734406e+01	
   8.8400000e+02	   9.7564133e+00	   1.2047933e+01	   1.4986289e+01	   1.4702914e+01	   1.7075151e+01	   2.7670448e+01	
   8.8500000e+02	   9.7369656e+00	   1.2023407e+01	   1.4954508e+01	   1.4670392e+01	   1.7036790e+01	   2.7606710e+01	
   8.8600000e+02	   9.7175785e+00	   1.1998958e+01	   1.4922830e+01	   1.4637979e+01	   1.6998559e+01	   2.7543191e+01	
   8.8700000e+02	   9.6982519e+00	   1.1974586e+01	   1.4891255e+01	   1.4605673e+01	   1.6960456e+01	   2.7479889e+01	
   8.8800000e+02	   9.6789854e+00	   1.1950292e+01	   1.4859782e+01	   1.4573476e+01	   1.6922481e+01	   2.7416803e+01	
   8.8900000e+02	   9.6597788e+00	   1.1926074e+01	   1.4828411e+01	   1.4541385e+01	   1.6884634e+01	   2.7353933e+01	
   8.9000000e+02	   9.6406319e+00	   1.1901932e+01	   1.4797142e+01	   1.4509401e+01	   1.6846915e+01	   2.7291278e+01	
   8.9100000e+02	   9.6215443e+00	   1.1877866e+01	   1.4765973e+01	   1.4477524e+01	   1.6809321e+01	   2.7228837e+01	
   8.9200000e+02	   9.6025159e+00	   1.1853875e+01	   1.4734905e+01	   1.4445752e+01	   1.6771854e+01	   2.7166608e+01	
   8.9300000e+02	   9.5835464e+00	   1.1829960e+01	   1.4703937e+01	   1.4414085e+01	   1.6734511e+01	   2.7104590e+01	
   8.9400000e+02	   9.5646355e+00	   1.1806120e+01	   1.4673069e+01	   1.4382523e+01	   1.6697294e+01	   2.7042784e+01	
   8.9500000e+02	   9.5457830e+00	   1.1782354e+01	   1.4642299e+01	   1.4351065e+01	   1.6660201e+01	   2.6981187e+01	
   8.9600000e+02	   9.5269887e+00	   1.1758663e+01	   1.4611629e+01	   1.4319711e+01	   1.6623231e+01	   2.6919799e+01	
   8.9700000e+02	   9.5082523e+00	   1.1735046e+01	   1.4581057e+01	   1.4288460e+01	   1.6586385e+01	   2.6858619e+01	
   8.9800000e+02	   9.4895735e+00	   1.1711502e+01	   1.4550583e+01	   1.4257312e+01	   1.6549661e+01	   2.6797646e+01	
   8.9900000e+02	   9.4709521e+00	   1.1688032e+01	   1.4520206e+01	   1.4226267e+01	   1.6513060e+01	   2.6736879e+01	
   9.0000000e+02	   9.4523880e+00	   1.1664635e+01	   1.4489927e+01	   1.4195324e+01	   1.6476580e+01	   2.6676318e+01	
   9.0100000e+02	   9.4338808e+00	   1.1641310e+01	   1.4459744e+01	   1.4164482e+01	   1.6440220e+01	   2.6615960e+01	
   9.0200000e+02	   9.4154302e+00	   1.1618058e+01	   1.4429657e+01	   1.4133742e+01	   1.6403982e+01	   2.6555806e+01	
   9.0300000e+02	   9.3970362e+00	   1.1594878e+01	   1.4399666e+01	   1.4103102e+01	   1.6367863e+01	   2.6495854e+01	
   9.0400000e+02	   9.3786984e+00	   1.1571770e+01	   1.4369771e+01	   1.4072562e+01	   1.6331863e+01	   2.6436103e+01	
   9.0500000e+02	   9.3604166e+00	   1.1548734e+01	   1.4339970e+01	   1.4042122e+01	   1.6295983e+01	   2.6376553e+01	
   9.0600000e+02	   9.3421905e+00	   1.1525768e+01	   1.4310265e+01	   1.4011781e+01	   1.6260220e+01	   2.6317203e+01	
   9.0700000e+02	   9.3240200e+00	   1.1502874e+01	   1.4280653e+01	   1.3981540e+01	   1.6224576e+01	   2.6258052e+01	
   9.0800000e+02	   9.3059048e+00	   1.1480050e+01	   1.4251135e+01	   1.3951397e+01	   1.6189048e+01	   2.6199098e+01	
   9.0900000e+02	   9.2878447e+00	   1.1457297e+01	   1.4221711e+01	   1.3921351e+01	   1.6153638e+01	   2.6140342e+01	
   9.1000000e+02	   9.2698394e+00	   1.1434613e+01	   1.4192380e+01	   1.3891404e+01	   1.6118344e+01	   2.6081782e+01	
   9.1100000e+02	   9.2518887e+00	   1.1412000e+01	   1.4163141e+01	   1.3861554e+01	   1.6083165e+01	   2.6023417e+01	
   9.1200000e+02	   9.2339925e+00	   1.1389455e+01	   1.4133994e+01	   1.3831800e+01	   1.6048102e+01	   2.5965246e+01	
   9.1300000e+02	   9.2161504e+00	   1.1366980e+01	   1.4104940e+01	   1.3802143e+01	   1.6013154e+01	   2.5907269e+01	
   9.1400000e+02	   9.1983622e+00	   1.1344574e+01	   1.4075976e+01	   1.3772582e+01	   1.5978319e+01	   2.5849485e+01	
   9.1500000e+02	   9.1806278e+00	   1.1322237e+01	   1.4047104e+01	   1.3743116e+01	   1.5943599e+01	   2.5791892e+01	
   9.1600000e+02	   9.1629469e+00	   1.1299967e+01	   1.4018323e+01	   1.3713746e+01	   1.5908992e+01	   2.5734491e+01	
   9.1700000e+02	   9.1453193e+00	   1.1277766e+01	   1.3989631e+01	   1.3684470e+01	   1.5874497e+01	   2.5677280e+01	
   9.1800000e+02	   9.1277448e+00	   1.1255633e+01	   1.3961030e+01	   1.3655288e+01	   1.5840115e+01	   2.5620258e+01	
   9.1900000e+02	   9.1102231e+00	   1.1233567e+01	   1.3932518e+01	   1.3626201e+01	   1.5805845e+01	   2.5563424e+01	
   9.2000000e+02	   9.0927540e+00	   1.1211568e+01	   1.3904095e+01	   1.3597207e+01	   1.5771686e+01	   2.5506779e+01	
   9.2100000e+02	   9.0753374e+00	   1.1189636e+01	   1.3875761e+01	   1.3568306e+01	   1.5737637e+01	   2.5450320e+01	
   9.2200000e+02	   9.0579729e+00	   1.1167771e+01	   1.3847516e+01	   1.3539497e+01	   1.5703699e+01	   2.5394047e+01	
   9.2300000e+02	   9.0406605e+00	   1.1145972e+01	   1.3819358e+01	   1.3510781e+01	   1.5669871e+01	   2.5337959e+01	
   9.2400000e+02	   9.0233998e+00	   1.1124239e+01	   1.3791288e+01	   1.3482157e+01	   1.5636152e+01	   2.5282056e+01	
   9.2500000e+02	   9.0061907e+00	   1.1102572e+01	   1.3763306e+01	   1.3453624e+01	   1.5602542e+01	   2.5226336e+01	
   9.2600000e+02	   8.9890330e+00	   1.1080970e+01	   1.3735410e+01	   1.3425183e+01	   1.5569041e+01	   2.5170800e+01	
   9.2700000e+02	   8.9719265e+00	   1.1059434e+01	   1.3707601e+01	   1.3396832e+01	   1.5535648e+01	   2.5115445e+01	
   9.2800000e+02	   8.9548708e+00	   1.1037963e+01	   1.3679878e+01	   1.3368572e+01	   1.5502362e+01	   2.5060271e+01	
   9.2900000e+02	   8.9378659e+00	   1.1016557e+01	   1.3652241e+01	   1.3340401e+01	   1.5469183e+01	   2.5005278e+01	
   9.3000000e+02	   8.9209116e+00	   1.0995215e+01	   1.3624689e+01	   1.3312320e+01	   1.5436111e+01	   2.4950465e+01	
   9.3100000e+02	   8.9040076e+00	   1.0973937e+01	   1.3597223e+01	   1.3284329e+01	   1.5403145e+01	   2.4895830e+01	
   9.3200000e+02	   8.8871537e+00	   1.0952723e+01	   1.3569841e+01	   1.3256426e+01	   1.5370284e+01	   2.4841373e+01	
   9.3300000e+02	   8.8703497e+00	   1.0931573e+01	   1.3542544e+01	   1.3228611e+01	   1.5337529e+01	   2.4787094e+01	
   9.3400000e+02	   8.8535955e+00	   1.0910486e+01	   1.3515330e+01	   1.3200885e+01	   1.5304878e+01	   2.4732992e+01	
   9.3500000e+02	   8.8368907e+00	   1.0889463e+01	   1.3488201e+01	   1.3173246e+01	   1.5272332e+01	   2.4679065e+01	
   9.3600000e+02	   8.8202353e+00	   1.0868502e+01	   1.3461155e+01	   1.3145695e+01	   1.5239890e+01	   2.4625313e+01	
   9.3700000e+02	   8.8036291e+00	   1.0847604e+01	   1.3434192e+01	   1.3118230e+01	   1.5207551e+01	   2.4571735e+01	
   9.3800000e+02	   8.7870717e+00	   1.0826769e+01	   1.3407311e+01	   1.3090852e+01	   1.5175316e+01	   2.4518331e+01	
   9.3900000e+02	   8.7705631e+00	   1.0805995e+01	   1.3380513e+01	   1.3063561e+01	   1.5143182e+01	   2.4465100e+01	
   9.4000000e+02	   8.7541030e+00	   1.0785284e+01	   1.3353797e+01	   1.3036355e+01	   1.5111151e+01	   2.4412041e+01	
   9.4100000e+02	   8.7376913e+00	   1.0764634e+01	   1.3327162e+01	   1.3009235e+01	   1.5079222e+01	   2.4359153e+01	
   9.4200000e+02	   8.7213277e+00	   1.0744046e+01	   1.3300609e+01	   1.2982199e+01	   1.5047394e+01	   2.4306436e+01	
   9.4300000e+02	   8.7050121e+00	   1.0723519e+01	   1.3274137e+01	   1.2955249e+01	   1.5015667e+01	   2.4253888e+01	
   9.4400000e+02	   8.6887442e+00	   1.0703052e+01	   1.3247746e+01	   1.2928383e+01	   1.4984040e+01	   2.4201510e+01	
   9.4500000e+02	   8.6725240e+00	   1.0682647e+01	   1.3221435e+01	   1.2901601e+01	   1.4952513e+01	   2.4149300e+01	
   9.4600000e+02	   8.6563511e+00	   1.0662301e+01	   1.3195203e+01	   1.2874903e+01	   1.4921086e+01	   2.4097258e+01	
   9.4700000e+02	   8.6402254e+00	   1.0642016e+01	   1.3169052e+01	   1.2848288e+01	   1.4889758e+01	   2.4045383e+01	
   9.4800000e+02	   8.6241467e+00	   1.0621791e+01	   1.3142980e+01	   1.2821756e+01	   1.4858528e+01	   2.3993674e+01	
   9.4900000e+02	   8.6081148e+00	   1.0601626e+01	   1.3116987e+01	   1.2795307e+01	   1.4827397e+01	   2.3942130e+01	
   9.5000000e+02	   8.5921296e+00	   1.0581520e+01	   1.3091072e+01	   1.2768940e+01	   1.4796364e+01	   2.3890751e+01	
   9.5100000e+02	   8.5761909e+00	   1.0561473e+01	   1.3065236e+01	   1.2742656e+01	   1.4765428e+01	   2.3839537e+01	
   9.5200000e+02	   8.5602984e+00	   1.0541485e+01	   1.3039478e+01	   1.2716453e+01	   1.4734590e+01	   2.3788486e+01	
   9.5300000e+02	   8.5444520e+00	   1.0521556e+01	   1.3013798e+01	   1.2690331e+01	   1.4703848e+01	   2.3737597e+01	
   9.5400000e+02	   8.5286515e+00	   1.0501686e+01	   1.2988195e+01	   1.2664290e+01	   1.4673202e+01	   2.3686871e+01	
   9.5500000e+02	   8.5128967e+00	   1.0481874e+01	   1.2962670e+01	   1.2638330e+01	   1.4642653e+01	   2.3636306e+01	
   9.5600000e+02	   8.4971875e+00	   1.0462120e+01	   1.2937221e+01	   1.2612450e+01	   1.4612198e+01	   2.3585902e+01	
   9.5700000e+02	   8.4815237e+00	   1.0442423e+01	   1.2911849e+01	   1.2586650e+01	   1.4581839e+01	   2.3535658e+01	
   9.5800000e+02	   8.4659050e+00	   1.0422785e+01	   1.2886552e+01	   1.2560929e+01	   1.4551575e+01	   2.3485573e+01	
   9.5900000e+02	   8.4503313e+00	   1.0403203e+01	   1.2861332e+01	   1.2535288e+01	   1.4521405e+01	   2.3435647e+01	
   9.6000000e+02	   8.4348025e+00	   1.0383679e+01	   1.2836187e+01	   1.2509726e+01	   1.4491328e+01	   2.3385878e+01	
   9.6100000e+02	   8.4193184e+00	   1.0364212e+01	   1.2811118e+01	   1.2484243e+01	   1.4461346e+01	   2.3336268e+01	
   9.6200000e+02	   8.4038787e+00	   1.0344801e+01	   1.2786123e+01	   1.2458838e+01	   1.4431456e+01	   2.3286813e+01	
   9.6300000e+02	   8.3884833e+00	   1.0325447e+01	   1.2761203e+01	   1.2433511e+01	   1.4401659e+01	   2.3237515e+01	
   9.6400000e+02	   8.3731321e+00	   1.0306149e+01	   1.2736358e+01	   1.2408261e+01	   1.4371954e+01	   2.3188372e+01	
   9.6500000e+02	   8.3578248e+00	   1.0286907e+01	   1.2711586e+01	   1.2383090e+01	   1.4342342e+01	   2.3139384e+01	
   9.6600000e+02	   8.3425614e+00	   1.0267721e+01	   1.2686889e+01	   1.2357995e+01	   1.4312821e+01	   2.3090550e+01	
   9.6700000e+02	   8.3273415e+00	   1.0248591e+01	   1.2662264e+01	   1.2332976e+01	   1.4283391e+01	   2.3041870e+01	
   9.6800000e+02	   8.3121652e+00	   1.0229516e+01	   1.2637713e+01	   1.2308035e+01	   1.4254052e+01	   2.2993342e+01	
   9.6900000e+02	   8.2970321e+00	   1.0210496e+01	   1.2613235e+01	   1.2283169e+01	   1.4224804e+01	   2.2944966e+01	
   9.7000000e+02	   8.2819421e+00	   1.0191530e+01	   1.2588830e+01	   1.2258379e+01	   1.4195645e+01	   2.2896742e+01	
   9.7100000e+02	   8.2668951e+00	   1.0172620e+01	   1.2564496e+01	   1.2233665e+01	   1.4166577e+01	   2.2848669e+01	
   9.7200000e+02	   8.2518908e+00	   1.0153764e+01	   1.2540235e+01	   1.2209026e+01	   1.4137597e+01	   2.2800746e+01	
   9.7300000e+02	   8.2369292e+00	   1.0134963e+01	   1.2516046e+01	   1.2184462e+01	   1.4108707e+01	   2.2752973e+01	
   9.7400000e+02	   8.2220100e+00	   1.0116215e+01	   1.2491927e+01	   1.2159972e+01	   1.4079905e+01	   2.2705348e+01	
   9.7500000e+02	   8.2071331e+00	   1.0097522e+01	   1.2467880e+01	   1.2135557e+01	   1.4051192e+01	   2.2657872e+01	
   9.7600000e+02	   8.1922984e+00	   1.0078882e+01	   1.2443904e+01	   1.2111215e+01	   1.4022566e+01	   2.2610544e+01	
   9.7700000e+02	   8.1775056e+00	   1.0060295e+01	   1.2419999e+01	   1.2086947e+01	   1.3994028e+01	   2.2563363e+01	
   9.7800000e+02	   8.1627546e+00	   1.0041762e+01	   1.2396164e+01	   1.2062753e+01	   1.3965577e+01	   2.2516329e+01	
   9.7900000e+02	   8.1480453e+00	   1.0023281e+01	   1.2372398e+01	   1.2038632e+01	   1.3937213e+01	   2.2469440e+01	
   9.8000000e+02	   8.1333774e+00	   1.0004854e+01	   1.2348703e+01	   1.2014583e+01	   1.3908936e+01	   2.2422697e+01	
   9.8100000e+02	   8.1187509e+00	   9.9864792e+00	   1.2325077e+01	   1.1990607e+01	   1.3880745e+01	   2.2376099e+01	
   9.8200000e+02	   8.1041655e+00	   9.9681568e+00	   1.2301520e+01	   1.1966703e+01	   1.3852639e+01	   2.2329645e+01	
   9.8300000e+02	   8.0896211e+00	   9.9498866e+00	   1.2278032e+01	   1.1942872e+01	   1.3824619e+01	   2.2283334e+01	
   9.8400000e+02	   8.0751176e+00	   9.9316684e+00	   1.2254613e+01	   1.1919111e+01	   1.3796684e+01	   2.2237167e+01	
   9.8500000e+02	   8.0606548e+00	   9.9135020e+00	   1.2231263e+01	   1.1895422e+01	   1.3768833e+01	   2.2191141e+01	
   9.8600000e+02	   8.0462325e+00	   9.8953873e+00	   1.2207980e+01	   1.1871804e+01	   1.3741067e+01	   2.2145258e+01	
   9.8700000e+02	   8.0318506e+00	   9.8773239e+00	   1.2184765e+01	   1.1848257e+01	   1.3713385e+01	   2.2099516e+01	
   9.8800000e+02	   8.0175090e+00	   9.8593118e+00	   1.2161618e+01	   1.1824781e+01	   1.3685787e+01	   2.2053915e+01	
   9.8900000e+02	   8.0032074e+00	   9.8413507e+00	   1.2138538e+01	   1.1801374e+01	   1.3658272e+01	   2.2008453e+01	
   9.9000000e+02	   7.9889457e+00	   9.8234404e+00	   1.2115525e+01	   1.1778038e+01	   1.3630841e+01	   2.1963131e+01	
   9.9100000e+02	   7.9747238e+00	   9.8055808e+00	   1.2092579e+01	   1.1754771e+01	   1.3603492e+01	   2.1917948e+01	
   9.9200000e+02	   7.9605416e+00	   9.7877715e+00	   1.2069700e+01	   1.1731573e+01	   1.3576225e+01	   2.1872904e+01	
   9.9300000e+02	   7.9463988e+00	   9.7700126e+00	   1.2046887e+01	   1.1708445e+01	   1.3549040e+01	   2.1827997e+01	
   9.9400000e+02	   7.9322953e+00	   9.7523036e+00	   1.2024139e+01	   1.1685385e+01	   1.3521937e+01	   2.1783228e+01	
   9.9500000e+02	   7.9182310e+00	   9.7346445e+00	   1.2001458e+01	   1.1662394e+01	   1.3494916e+01	   2.1738595e+01	
   9.9600000e+02	   7.9042058e+00	   9.7170351e+00	   1.1978842e+01	   1.1639471e+01	   1.3467975e+01	   2.1694098e+01	
   9.9700000e+02	   7.8902194e+00	   9.6994752e+00	   1.1956291e+01	   1.1616616e+01	   1.3441115e+01	   2.1649737e+01	
   9.9800000e+02	   7.8762718e+00	   9.6819646e+00	   1.1933806e+01	   1.1593829e+01	   1.3414336e+01	   2.1605511e+01	
   9.9900000e+02	   7.8623627e+00	   9.6645030e+00	   1.1911385e+01	   1.1571110e+01	   1.3387637e+01	   2.1561420e+01	
   1.0000000e+03	   7.8484921e+00	   9.6470904e+00	   1.1889028e+01	   1.1548457e+01	   1.3361017e+01	   2.1517462e+01	
   1.0010000e+03	   7.8346598e+00	   9.6297265e+00	   1.1866736e+01	   1.1525871e+01	   1.3334477e+01	   2.1473638e+01	
   1.0020000e+03	   7.8208656e+00	   9.6124111e+00	   1.1844508e+01	   1.1503353e+01	   1.3308016e+01	   2.1429947e+01	
   1.0030000e+03	   7.8071094e+00	   9.5951441e+00	   1.1822343e+01	   1.1480900e+01	   1.3281634e+01	   2.1386388e+01	
   1.0040000e+03	   7.7933911e+00	   9.5779253e+00	   1.1800242e+01	   1.1458514e+01	   1.3255331e+01	   2.1342961e+01	
   1.0050000e+03	   7.7797106e+00	   9.5607545e+00	   1.1778205e+01	   1.1436193e+01	   1.3229105e+01	   2.1299665e+01	
   1.0060000e+03	   7.7660676e+00	   9.5436315e+00	   1.1756230e+01	   1.1413938e+01	   1.3202958e+01	   2.1256500e+01	
   1.0070000e+03	   7.7524621e+00	   9.5265561e+00	   1.1734318e+01	   1.1391749e+01	   1.3176888e+01	   2.1213466e+01	
   1.0080000e+03	   7.7388938e+00	   9.5095282e+00	   1.1712469e+01	   1.1369624e+01	   1.3150895e+01	   2.1170561e+01	
   1.0090000e+03	   7.7253628e+00	   9.4925476e+00	   1.1690682e+01	   1.1347565e+01	   1.3124980e+01	   2.1127785e+01	
   1.0100000e+03	   7.7118687e+00	   9.4756140e+00	   1.1668957e+01	   1.1325570e+01	   1.3099141e+01	   2.1085137e+01	
   1.0110000e+03	   7.6984116e+00	   9.4587274e+00	   1.1647293e+01	   1.1303639e+01	   1.3073378e+01	   2.1042618e+01	
   1.0120000e+03	   7.6849912e+00	   9.4418875e+00	   1.1625692e+01	   1.1281772e+01	   1.3047692e+01	   2.1000227e+01	
   1.0130000e+03	   7.6716074e+00	   9.4250942e+00	   1.1604151e+01	   1.1259970e+01	   1.3022081e+01	   2.0957963e+01	
   1.0140000e+03	   7.6582601e+00	   9.4083473e+00	   1.1582672e+01	   1.1238230e+01	   1.2996546e+01	   2.0915825e+01	
   1.0150000e+03	   7.6449491e+00	   9.3916466e+00	   1.1561254e+01	   1.1216555e+01	   1.2971086e+01	   2.0873814e+01	
   1.0160000e+03	   7.6316744e+00	   9.3749919e+00	   1.1539896e+01	   1.1194942e+01	   1.2945700e+01	   2.0831928e+01	
   1.0170000e+03	   7.6184357e+00	   9.3583832e+00	   1.1518599e+01	   1.1173392e+01	   1.2920390e+01	   2.0790167e+01	
   1.0180000e+03	   7.6052330e+00	   9.3418201e+00	   1.1497362e+01	   1.1151905e+01	   1.2895153e+01	   2.0748531e+01	
   1.0190000e+03	   7.5920661e+00	   9.3253026e+00	   1.1476184e+01	   1.1130480e+01	   1.2869991e+01	   2.0707019e+01	
   1.0200000e+03	   7.5789348e+00	   9.3088304e+00	   1.1455067e+01	   1.1109117e+01	   1.2844902e+01	   2.0665631e+01	
   1.0210000e+03	   7.5658391e+00	   9.2924034e+00	   1.1434009e+01	   1.1087816e+01	   1.2819887e+01	   2.0624366e+01	
   1.0220000e+03	   7.5527788e+00	   9.2760214e+00	   1.1413010e+01	   1.1066576e+01	   1.2794945e+01	   2.0583223e+01	
   1.0230000e+03	   7.5397538e+00	   9.2596844e+00	   1.1392071e+01	   1.1045399e+01	   1.2770075e+01	   2.0542203e+01	
   1.0240000e+03	   7.5267640e+00	   9.2433920e+00	   1.1371190e+01	   1.1024282e+01	   1.2745279e+01	   2.0501304e+01	
   1.0250000e+03	   7.5138092e+00	   9.2271441e+00	   1.1350368e+01	   1.1003226e+01	   1.2720554e+01	   2.0460527e+01	
   1.0260000e+03	   7.5008893e+00	   9.2109406e+00	   1.1329604e+01	   1.0982231e+01	   1.2695902e+01	   2.0419870e+01	
   1.0270000e+03	   7.4880041e+00	   9.1947813e+00	   1.1308898e+01	   1.0961296e+01	   1.2671321e+01	   2.0379334e+01	
   1.0280000e+03	   7.4751536e+00	   9.1786660e+00	   1.1288250e+01	   1.0940422e+01	   1.2646812e+01	   2.0338918e+01	
   1.0290000e+03	   7.4623376e+00	   9.1625946e+00	   1.1267660e+01	   1.0919607e+01	   1.2622374e+01	   2.0298621e+01	
   1.0300000e+03	   7.4495560e+00	   9.1465669e+00	   1.1247128e+01	   1.0898852e+01	   1.2598007e+01	   2.0258442e+01	
   1.0310000e+03	   7.4368087e+00	   9.1305827e+00	   1.1226652e+01	   1.0878157e+01	   1.2573710e+01	   2.0218382e+01	
   1.0320000e+03	   7.4240955e+00	   9.1146420e+00	   1.1206234e+01	   1.0857521e+01	   1.2549484e+01	   2.0178440e+01	
   1.0330000e+03	   7.4114163e+00	   9.0987444e+00	   1.1185873e+01	   1.0836945e+01	   1.2525328e+01	   2.0138616e+01	
   1.0340000e+03	   7.3987710e+00	   9.0828900e+00	   1.1165568e+01	   1.0816427e+01	   1.2501241e+01	   2.0098908e+01	
   1.0350000e+03	   7.3861595e+00	   9.0670784e+00	   1.1145320e+01	   1.0795967e+01	   1.2477224e+01	   2.0059317e+01	
   1.0360000e+03	   7.3735816e+00	   9.0513096e+00	   1.1125128e+01	   1.0775566e+01	   1.2453277e+01	   2.0019843e+01	
   1.0370000e+03	   7.3610372e+00	   9.0355835e+00	   1.1104992e+01	   1.0755224e+01	   1.2429398e+01	   1.9980484e+01	
   1.0380000e+03	   7.3485263e+00	   9.0198997e+00	   1.1084912e+01	   1.0734939e+01	   1.2405588e+01	   1.9941240e+01	
   1.0390000e+03	   7.3360486e+00	   9.0042582e+00	   1.1064887e+01	   1.0714712e+01	   1.2381847e+01	   1.9902110e+01	
   1.0400000e+03	   7.3236041e+00	   8.9886589e+00	   1.1044918e+01	   1.0694542e+01	   1.2358174e+01	   1.9863096e+01	
   1.0410000e+03	   7.3111926e+00	   8.9731015e+00	   1.1025004e+01	   1.0674430e+01	   1.2334569e+01	   1.9824195e+01	
   1.0420000e+03	   7.2988140e+00	   8.9575860e+00	   1.1005145e+01	   1.0654375e+01	   1.2311031e+01	   1.9785407e+01	
   1.0430000e+03	   7.2864683e+00	   8.9421122e+00	   1.0985340e+01	   1.0634376e+01	   1.2287561e+01	   1.9746732e+01	
   1.0440000e+03	   7.2741552e+00	   8.9266798e+00	   1.0965591e+01	   1.0614435e+01	   1.2264158e+01	   1.9708170e+01	
   1.0450000e+03	   7.2618747e+00	   8.9112888e+00	   1.0945895e+01	   1.0594550e+01	   1.2240822e+01	   1.9669720e+01	
   1.0460000e+03	   7.2496267e+00	   8.8959391e+00	   1.0926254e+01	   1.0574721e+01	   1.2217553e+01	   1.9631382e+01	
   1.0470000e+03	   7.2374109e+00	   8.8806304e+00	   1.0906667e+01	   1.0554948e+01	   1.2194350e+01	   1.9593155e+01	
   1.0480000e+03	   7.2252274e+00	   8.8653627e+00	   1.0887133e+01	   1.0535230e+01	   1.2171213e+01	   1.9555039e+01	
   1.0490000e+03	   7.2130760e+00	   8.8501357e+00	   1.0867653e+01	   1.0515569e+01	   1.2148142e+01	   1.9517033e+01	
   1.0500000e+03	   7.2009566e+00	   8.8349493e+00	   1.0848227e+01	   1.0495962e+01	   1.2125137e+01	   1.9479138e+01	
   1.0510000e+03	   7.1888691e+00	   8.8198034e+00	   1.0828853e+01	   1.0476411e+01	   1.2102197e+01	   1.9441351e+01	
   1.0520000e+03	   7.1768133e+00	   8.8046979e+00	   1.0809533e+01	   1.0456915e+01	   1.2079322e+01	   1.9403674e+01	
   1.0530000e+03	   7.1647891e+00	   8.7896325e+00	   1.0790265e+01	   1.0437474e+01	   1.2056513e+01	   1.9366106e+01	
   1.0540000e+03	   7.1527965e+00	   8.7746072e+00	   1.0771050e+01	   1.0418087e+01	   1.2033768e+01	   1.9328646e+01	
   1.0550000e+03	   7.1408353e+00	   8.7596218e+00	   1.0751888e+01	   1.0398755e+01	   1.2011087e+01	   1.9291293e+01	
   1.0560000e+03	   7.1289054e+00	   8.7446761e+00	   1.0732777e+01	   1.0379476e+01	   1.1988470e+01	   1.9254049e+01	
   1.0570000e+03	   7.1170067e+00	   8.7297700e+00	   1.0713719e+01	   1.0360252e+01	   1.1965918e+01	   1.9216911e+01	
   1.0580000e+03	   7.1051391e+00	   8.7149034e+00	   1.0694712e+01	   1.0341081e+01	   1.1943429e+01	   1.9179880e+01	
   1.0590000e+03	   7.0933024e+00	   8.7000762e+00	   1.0675757e+01	   1.0321964e+01	   1.1921004e+01	   1.9142955e+01	
   1.0600000e+03	   7.0814966e+00	   8.6852881e+00	   1.0656853e+01	   1.0302900e+01	   1.1898641e+01	   1.9106136e+01	
   1.0610000e+03	   7.0697216e+00	   8.6705391e+00	   1.0638001e+01	   1.0283890e+01	   1.1876342e+01	   1.9069423e+01	
   1.0620000e+03	   7.0579772e+00	   8.6558289e+00	   1.0619200e+01	   1.0264932e+01	   1.1854106e+01	   1.9032814e+01	
   1.0630000e+03	   7.0462634e+00	   8.6411576e+00	   1.0600449e+01	   1.0246027e+01	   1.1831932e+01	   1.8996310e+01	
   1.0640000e+03	   7.0345799e+00	   8.6265248e+00	   1.0581750e+01	   1.0227174e+01	   1.1809820e+01	   1.8959911e+01	
   1.0650000e+03	   7.0229268e+00	   8.6119306e+00	   1.0563100e+01	   1.0208374e+01	   1.1787770e+01	   1.8923615e+01	
   1.0660000e+03	   7.0113040e+00	   8.5973747e+00	   1.0544502e+01	   1.0189626e+01	   1.1765782e+01	   1.8887423e+01	
   1.0670000e+03	   6.9997112e+00	   8.5828570e+00	   1.0525953e+01	   1.0170931e+01	   1.1743856e+01	   1.8851333e+01	
   1.0680000e+03	   6.9881484e+00	   8.5683774e+00	   1.0507454e+01	   1.0152286e+01	   1.1721991e+01	   1.8815347e+01	
   1.0690000e+03	   6.9766155e+00	   8.5539358e+00	   1.0489005e+01	   1.0133694e+01	   1.1700187e+01	   1.8779462e+01	
   1.0700000e+03	   6.9651124e+00	   8.5395319e+00	   1.0470606e+01	   1.0115152e+01	   1.1678444e+01	   1.8743680e+01	
   1.0710000e+03	   6.9536390e+00	   8.5251658e+00	   1.0452256e+01	   1.0096662e+01	   1.1656762e+01	   1.8707999e+01	
   1.0720000e+03	   6.9421952e+00	   8.5108371e+00	   1.0433955e+01	   1.0078223e+01	   1.1635140e+01	   1.8672419e+01	
   1.0730000e+03	   6.9307808e+00	   8.4965459e+00	   1.0415703e+01	   1.0059835e+01	   1.1613578e+01	   1.8636940e+01	
   1.0740000e+03	   6.9193959e+00	   8.4822920e+00	   1.0397501e+01	   1.0041498e+01	   1.1592077e+01	   1.8601561e+01	
   1.0750000e+03	   6.9080402e+00	   8.4680752e+00	   1.0379346e+01	   1.0023210e+01	   1.1570635e+01	   1.8566283e+01	
   1.0760000e+03	   6.8967136e+00	   8.4538954e+00	   1.0361241e+01	   1.0004974e+01	   1.1549252e+01	   1.8531104e+01	
   1.0770000e+03	   6.8854162e+00	   8.4397525e+00	   1.0343184e+01	   9.9867868e+00	   1.1527929e+01	   1.8496024e+01	
   1.0780000e+03	   6.8741476e+00	   8.4256464e+00	   1.0325175e+01	   9.9686499e+00	   1.1506665e+01	   1.8461043e+01	
   1.0790000e+03	   6.8629080e+00	   8.4115768e+00	   1.0307214e+01	   9.9505627e+00	   1.1485460e+01	   1.8426160e+01	
   1.0800000e+03	   6.8516971e+00	   8.3975438e+00	   1.0289301e+01	   9.9325250e+00	   1.1464314e+01	   1.8391376e+01	
   1.0810000e+03	   6.8405149e+00	   8.3835471e+00	   1.0271435e+01	   9.9145367e+00	   1.1443226e+01	   1.8356690e+01	
   1.0820000e+03	   6.8293613e+00	   8.3695867e+00	   1.0253617e+01	   9.8965976e+00	   1.1422196e+01	   1.8322100e+01	
   1.0830000e+03	   6.8182361e+00	   8.3556624e+00	   1.0235846e+01	   9.8787074e+00	   1.1401225e+01	   1.8287608e+01	
   1.0840000e+03	   6.8071393e+00	   8.3417741e+00	   1.0218123e+01	   9.8608660e+00	   1.1380311e+01	   1.8253213e+01	
   1.0850000e+03	   6.7960707e+00	   8.3279216e+00	   1.0200446e+01	   9.8430733e+00	   1.1359454e+01	   1.8218914e+01	
   1.0860000e+03	   6.7850303e+00	   8.3141049e+00	   1.0182817e+01	   9.8253290e+00	   1.1338656e+01	   1.8184711e+01	
   1.0870000e+03	   6.7740180e+00	   8.3003238e+00	   1.0165234e+01	   9.8076330e+00	   1.1317914e+01	   1.8150603e+01	
   1.0880000e+03	   6.7630337e+00	   8.2865781e+00	   1.0147697e+01	   9.7899851e+00	   1.1297229e+01	   1.8116591e+01	
   1.0890000e+03	   6.7520773e+00	   8.2728678e+00	   1.0130207e+01	   9.7723851e+00	   1.1276601e+01	   1.8082673e+01	
   1.0900000e+03	   6.7411486e+00	   8.2591928e+00	   1.0112763e+01	   9.7548329e+00	   1.1256030e+01	   1.8048850e+01	
   1.0910000e+03	   6.7302476e+00	   8.2455529e+00	   1.0095365e+01	   9.7373282e+00	   1.1235515e+01	   1.8015122e+01	
   1.0920000e+03	   6.7193742e+00	   8.2319479e+00	   1.0078012e+01	   9.7198710e+00	   1.1215056e+01	   1.7981487e+01	
   1.0930000e+03	   6.7085283e+00	   8.2183779e+00	   1.0060706e+01	   9.7024610e+00	   1.1194652e+01	   1.7947946e+01	
   1.0940000e+03	   6.6977098e+00	   8.2048425e+00	   1.0043445e+01	   9.6850980e+00	   1.1174305e+01	   1.7914497e+01	
   1.0950000e+03	   6.6869186e+00	   8.1913419e+00	   1.0026229e+01	   9.6677820e+00	   1.1154013e+01	   1.7881142e+01	
   1.0960000e+03	   6.6761546e+00	   8.1778757e+00	   1.0009058e+01	   9.6505126e+00	   1.1133777e+01	   1.7847879e+01	
   1.0970000e+03	   6.6654178e+00	   8.1644439e+00	   9.9919329e+00	   9.6332899e+00	   1.1113595e+01	   1.7814708e+01	
   1.0980000e+03	   6.6547079e+00	   8.1510463e+00	   9.9748522e+00	   9.6161135e+00	   1.1093469e+01	   1.7781629e+01	
   1.0990000e+03	   6.6440250e+00	   8.1376830e+00	   9.9578163e+00	   9.5989833e+00	   1.1073397e+01	   1.7748642e+01	
   1.1000000e+03	   6.6333690e+00	   8.1243536e+00	   9.9408249e+00	   9.5818992e+00	   1.1053380e+01	   1.7715745e+01	
